Number of particles: 108
Initial configuration: FCC
Dry microgel radius [nm]: 50.0
Box length [units of dry radius]: 53.22680157965873
Number of monomers: 2916666.666666667
Flory interaction parameter (chi): 0.0
Young's calibration factor: 1.0
x-link fraction: 5.0E-5
DryVolFrac increment: 1.0E-5
MC steps: 100000
Equilibration steps: 10000.0
Snapshot interval: 100
Displacement tolerance: 0.1
Particle radius change tolerance: 0.05
Particle radius bin width: 0.001
g(r) bin width: 0.005
phi0,	phi, 	mu/KT,		(PV/NkT)_total,		1+(PV/NkT)_virial,		 1+(PV/NkT)_pair/calculated,		(PV/NkT)_FR,      <F_total>/V,      EntropySolid,		Freference/V,           <F_FR>/V,     <alpha>,      zeta, 		newHertzianPotential, 		SpringConstant, 		lindemannParameter, 		kT/E
0.00201, 0.42954404329433027, -1787.3136453534082, -1796.605868566523, 2.056792269219524, -1802.587187635539, 5.981319069016043, -0.01016472015735575, 1.5102256152758868, -0.004671538394218904, 2.976034869137202E-4, 6.332254475308639, 0.5095139489994019, 0.0, 0.004918255738586342, 1.218066201247267, 0.003428571641759367
0.00202, 0.4306113012557784, -1908.7300040539083, -1890.6032569140848, 2.3371381642401783, -1892.875749850216, 2.2724929361310497, -0.014647150409497526, 1.5147249318869775, -0.004625389521039957, 3.167014231812278E-4, 6.333471604938269, 0.5120488442680556, 0.0, 0.0054181123641067076, 1.16244089431362, 0.0034285715586076368
0.00203, 0.4256741468177265, -1986.7578433058202, -1946.612969631636, 2.275033218908519, -1944.3434005391596, -2.2695690924764205, -0.01927823461254554, 1.5193524948295014, -0.004658861881172034, 3.1158949908678E-4, 6.332710298353911, 0.5145837395367094, 0.0, 0.005338978412277853, 1.1729532169812913, 0.0034288245786190464
0.00204, 0.4296724040449488, -2016.6073069330123, -1964.1205874487446, 2.2054065540022587, -1964.089389595278, -0.031197853466739058, -0.024133220354158963, 1.524203642111363, -0.004673033944710817, 3.089348762701847E-4, 6.333019434156374, 0.5171186348053631, 0.0, 0.005403960337701829, 1.1677908637018268, 0.00342857142858143
0.00205, 0.42944261169507714, -1980.4101745582884, -1905.2980233260366, 2.273661397349005, -1905.0516577931182, -0.2463655329184092, -0.02890682524775426, 1.5289814725743975, -0.004718681365480901, 3.144693136057539E-4, 6.332703374485595, 0.5196535300740169, 0.0, 0.005237451156681204, 1.1881439325954448, 0.0034285714800402615
0.00206, 0.43914923575942066, -1923.539749508313, -1844.2648067849175, 2.1406074149307757, -1845.3783019396024, 1.1134951546849476, -0.03358898241307201, 1.5336573539817928, -0.004795686157822809, 3.1082656080251244E-4, 6.334075185185188, 0.5221884253426706, 0.0, 0.00486436587705468, 1.2348675660019888, 0.003428601329303963
0.00207, 0.4435696269203749, -1935.7317740048832, -1872.588944085452, 2.2760633029386677, -1871.0917330280547, -1.4972110573974777, -0.038091051028794086, 1.5381672915030231, -0.004817644769828618, 3.228035949450878E-4, 6.333667499999997, 0.5247233206113244, 0.0, 0.004872979251491454, 1.2357688995949927, 0.0034285758583758193
0.00208, 0.4373426084242612, -1989.8874281184142, -1907.9715099231262, 2.074410963696448, -1905.106833926038, -2.864675997088066, -0.042831420823059636, 1.5428957886651307, -0.004775688776820499, 3.06796779896892E-4, 6.3333747016460915, 0.5272582158799781, 0.0, 0.005323168465771256, 1.1842601075412647, 0.003428640116480816
0.00209, 0.44575503009799855, -1974.35158065685, -1872.066149298073, 2.0973478328161557, -1873.196246675654, 1.1300973775809808, -0.04759206364023801, 1.5476586635869862, -0.0048428439683447615, 3.1207574362375983E-4, 6.333127901234569, 0.5297931111486319, 0.0, 0.005015013728591422, 1.2220541758933894, 0.0034285790420729824
0.0021, 0.4461858203886406, -1979.4392347577723, -1863.3098566507258, 2.14337270751673, -1864.3165784460002, 1.0067217952744114, -0.052258255226944675, 1.5523263033161836, -0.004854982295195276, 3.151789681637885E-4, 6.333603395061733, 0.5323280064172856, 0.0, 0.005089681088644591, 1.2149887030878412, 0.003428572170710245
0.00211, 0.45106880046483305, -1980.5111827961316, -1873.3223091519299, 2.164450711539213, -1878.0926776763008, 4.770368524371061, -0.05704318980309016, 1.5571142686570718, -0.004945861163055341, 3.1988419058355067E-4, 6.334016275720163, 0.5348629016859394, 0.0, 0.004649078811979002, 1.2732737665695235, 0.0034286600584869744
0.00212, 0.45196153851607407, -2029.5862522909636, -1917.3004605985222, 2.4414079121546894, -1917.1990342318556, -0.10142636666652353, -0.061714499564668096, 1.56180227491352, -0.0048729579261313875, 3.409878777303609E-4, 6.334406111111108, 0.5373977969545931, 0.0, 0.005284256743039085, 1.1961833663576384, 0.003428813940563537
0.00213, 0.44533241862263895, -2094.68200863566, -1967.2140781225082, 2.171746056644436, -1965.4690328972104, -1.7450452252978181, -0.066733750337594, 1.566805213792977, -0.004945745367806393, 3.2261678212614696E-4, 6.333445792181071, 0.5399326922232469, 0.0, 0.00494709251412043, 1.238214671434333, 0.0034285895979899936
0.00214, 0.4473350650567716, -2174.949733164026, -2048.5746397195985, 2.3241352649501223, -2052.734347988316, 4.159708268717529, -0.07171586944106886, 1.5717971304987748, -0.004901403402188085, 3.356851660844791E-4, 6.333197654320988, 0.5424675874919006, 0.0, 0.005407338383154427, 1.1861981552798626, 0.003428692595421977
0.00215, 0.4493605369167183, -2206.271815681731, -2041.6579074258261, 2.3917010687182065, -2041.570166463321, -0.08774096250526416, -0.07711837036787761, 1.5772053980998493, -0.004924707729922207, 3.456151706525913E-4, 6.3328024279835375, 0.5450024827605544, 0.0, 0.005404342498517293, 1.1883721942221719, 0.0034287290055585694
0.00216, 0.45537839016050385, -2124.0973453166007, -1949.2950694896685, 2.238987249140254, -1948.4606231068724, -0.8344463827961072, -0.08225004139917122, 1.582327692549017, -0.0050158079634344925, 3.384812586909284E-4, 6.333243395061732, 0.5475373780292081, 0.0, 0.004944052949155739, 1.244383147547582, 0.0034285736253586185
0.00217, 0.4554717070644415, -2117.3035199245433, -1956.0741212167607, 2.336310649792667, -1953.7079835542236, -2.3661376625369797, -0.0872601881313429, 1.5873435105335025, -0.005044195326697636, 3.4476506838419644E-4, 6.333878384773666, 0.5500722732978619, 0.0, 0.0049108471663606755, 1.2505070060594594, 0.0034285717083699188
0.00218, 0.45584256049091193, -2126.5638194723106, -1951.0411541606031, 2.1763653826986737, -1947.6081950990952, -3.432959061507949, -0.09235942103582703, 1.5924336016709058, -0.005027870550959727, 3.303613417740242E-4, 6.333564948559673, 0.5526071685665156, 0.0, 0.005168485142569457, 1.2208105927701254, 0.0034285953682333258
0.00219, 0.4664149947935398, -2155.7327735266963, -1972.2726431763301, 2.159107287033852, -1975.3609822719197, 3.088339095589718, -0.09741378244142487, 1.5974867389245864, -0.005081047435786052, 3.3140473425999014E-4, 6.335354372427983, 0.5551420638351694, 0.0, 0.004971860165773018, 1.2466169070672493, 0.00342868327933869
0.0022, 0.4589404032152572, -2242.2535473196017, -2067.681182924596, 2.3358914093051375, -2075.663413828874, 7.982230904277819, -0.10265228684258629, 1.60273739606204, -0.005060606824873651, 3.481336020177518E-4, 6.3345185493827145, 0.5576769591038231, 0.0, 0.005257623760518807, 1.214107760774901, 0.0034285968640669594
0.00221, 0.4554384810116791, -2380.427306061598, -2169.267806349436, 2.604846970551296, -2172.6750081531986, 3.407201803762708, -0.10811975451306242, 1.6082225985824357, -0.005027371986337069, 3.726819303469254E-4, 6.332821018518517, 0.5602118543724769, 0.0, 0.005648421459231571, 1.1731268402288113, 0.0034286269859152545
0.00222, 0.46200229627748934, -2419.601109046685, -2199.9733884950047, 2.43967182990258, -2197.2078386159183, -2.765549879086476, -0.11401799001550511, 1.6141104174066179, -0.00513585643187529, 3.677744794456264E-4, 6.333577314814813, 0.5627467496411306, 0.0, 0.005065703359458886, 1.240629798022367, 0.0034285721480811692
0.00223, 0.4665904094463481, -2375.1740960628376, -2160.797711081725, 2.4194443190284254, -2161.077908587416, 0.2801975056907757, -0.11967249881752479, 1.6197640006449985, -0.005095096984936197, 3.6279068593682046E-4, 6.334070051440327, 0.5652816449097844, 0.0, 0.00549162503007591, 1.1933347209573617, 0.00342857186795998
0.00224, 0.46673069626159935, -2405.7372962296527, -2153.577959817211, 2.540796702192912, -2154.7956054351325, 1.2176456179212602, -0.12535861095827186, 1.6254584506036267, -0.0051318282559969855, 3.723660521128015E-4, 6.3341049176954725, 0.5678165401784381, 0.0, 0.0053963714151426725, 1.2056174261219548, 0.0034285743649155047
0.00225, 0.45885679370490023, -2353.1710974811185, -2099.3042004147405, 2.484771623628114, -2096.333292641129, -2.970907773611714, -0.1311590482917892, 1.6312565328150672, -0.005225615713055968, 3.719292124014754E-4, 6.3342129835390955, 0.5703514354470919, 0.0, 0.004937747114986209, 1.2622368199271043, 0.0034286076901619508
0.00226, 0.45676515577661936, -2349.3645123272654, -2116.073610342893, 2.3086847791467813, -2119.931369827884, 3.8577594849907233, -0.13659417532142487, 1.6366806962049034, -0.005224545113073719, 3.614870498271569E-4, 6.33305414609054, 0.5728863307157456, 0.0, 0.005089514613617016, 1.2451138308877066, 0.003428575623278445
0.00227, 0.48553434209122454, -2384.383715401362, -2125.842193863214, 2.663075674735484, -2132.8452811481966, 7.0030872849824455, -0.14237643754963614, 1.6424863996596877, -0.005176934620742385, 3.935476575813012E-4, 6.336064351851846, 0.5754212259843994, 0.0, 0.005556546584959821, 1.193394136455948, 0.0034285778981150987
0.00228, 0.47446535351642366, -2338.743399723236, -2033.51816169914, 2.677816006382615, -2028.3947249138018, -5.123436785338113, -0.14797876895744325, 1.6480908328851622, -0.005250183754286475, 3.983917088194327E-4, 6.334540226337444, 0.5779561212530531, 0.0, 0.005220480704083794, 1.2330124507540576, 0.003428624736642391
0.00229, 0.47498863290790433, -2310.7264824976683, -2032.786689852035, 2.367005230400376, -2026.394303812897, -6.392386039137708, -0.15354311473032106, 1.6536346416269128, -0.005382272649019441, 3.7257971299359006E-4, 6.334903487654316, 0.5804910165217069, 0.0, 0.0045645710801239, 1.320554311280007, 0.003428604429205545
0.0023, 0.48040454400553434, -2399.3286543885815, -2152.1399016912983, 2.374078026739179, -2161.215740555516, 9.075838864217705, -0.1590116752121288, 1.6591029612858939, -0.005283267357182651, 3.7112428502354146E-4, 6.334937962962964, 0.5830259117903606, 0.0, 0.0053038366302420375, 1.2268514201399092, 0.003428591753097267
0.00231, 0.474403436427383, -2549.468445515561, -2243.989924925888, 2.84904835598529, -2248.999982486932, 5.010057561043992, -0.16499906519376012, 1.6651244305648432, -0.005225743241118163, 4.191408192278204E-4, 6.334948230452678, 0.5855608070590144, 0.0, 0.005851054761134649, 1.1697633376642205, 0.003428586869548021
0.00232, 0.479349071865158, -2532.8777473639398, -2209.2431503727294, 2.6247773209079495, -2202.6856981470282, -6.5574522257010175, -0.17118449037294717, 1.6712945139000033, -0.005358501049205271, 3.9867447264579307E-4, 6.33583923868313, 0.5880957023276681, 0.0, 0.005118127484265271, 1.2525205859158675, 0.003428575329972845
0.00233, 0.4794118458872001, -2440.9103274103113, -2104.590703795509, 2.484038214849557, -2105.1210477612544, 0.5303439657454798, -0.1770926656059732, 1.6771938681984175, -0.005341450226397403, 3.9126814005566125E-4, 6.335737818930039, 0.5906305975963219, 0.0, 0.005372691916967612, 1.2242415034725864, 0.0034285714374261635
0.00234, 0.4840871074376598, -2433.1317459657935, -2121.7502585871207, 2.5418220018207958, -2133.128834550283, 11.378575963162188, -0.1828389787004894, 1.682945117971816, -0.005490049606436984, 4.0456520336375836E-4, 6.334262119341564, 0.5931654928649756, 0.0, 0.004617817072728605, 1.3224056124270798, 0.0034287093617580387
0.00235, 0.4846017538588085, -2588.673727532826, -2270.5194260860753, 3.0007558698936374, -2272.096348403484, 1.57692231740902, -0.1887100139429013, 1.6888493640049898, -0.005312384500736399, 4.4905466060315014E-4, 6.335392129629629, 0.5957003881336294, 0.0, 0.005877491712905121, 1.1738277398077854, 0.003428635635681915
0.00236, 0.4797249775524408, -2626.393835560011, -2269.9093559393623, 2.6573129980674035, -2265.4567213582295, -4.452634581132792, -0.19519898529415855, 1.695314024437528, -0.005448293609803468, 4.1591619460675276E-4, 6.334884022633744, 0.598235283402283, 0.0, 0.005133470270436245, 1.257794146231649, 0.003428614810943232
0.00237, 0.494014822385559, -2586.2194788330753, -2251.249509589315, 2.7531325911026006, -2251.930909796596, 0.6814002072812599, -0.20125012078596505, 1.7013727693214304, -0.005406415803561982, 4.3131961001569084E-4, 6.3361243621399135, 0.6007701786709368, 0.0, 0.005545665107634154, 1.21185424716171, 0.0034285927921301946
0.00238, 0.4889320615226477, -2819.848219455063, -2491.2921534108873, 2.6974726043435795, -2497.4940215732904, 6.201868162403034, -0.20754727371346343, 1.7076658314723052, -0.005394967908055642, 4.2280946887575426E-4, 6.3352308744856005, 0.6033050739395905, 0.0, 0.0057751489800557795, 1.189200683433072, 0.003428582512989911
0.00239, 0.4836897989924153, -3234.400681208294, -2923.2026637197705, 3.1551376993682507, -2947.0278760154997, 23.825212295729123, -0.21471390427281964, 1.7148637164511025, -0.005276396591060374, 4.644843699960667E-4, 6.335082283950618, 0.6058399692082443, 0.0, 0.00682168957018069, 1.095715363875419, 0.0034288628896076085
0.0024, 0.4894046826438738, -3524.0839978273398, -3129.754672061988, 3.8189520738734717, -3132.6040311903203, 2.849359128332283, -0.22299039940408624, 1.7231896171805468, -0.005128213863922501, 5.40453376581818E-4, 6.335274979423864, 0.608374864476898, 0.0, 0.008331460578054527, 0.9928590585422695, 0.0034286053574896845
0.00241, 0.4993991355243092, -3319.169969929265, -2855.837829648476, 3.177661025533801, -2845.0594005402836, -10.778429108192324, -0.23154016591657772, 1.731693880893778, -0.005343662220275189, 4.825928358317914E-4, 6.336768271604934, 0.6109097597455518, 0.0, 0.006639421895781816, 1.1137429676010373, 0.003428603455029625
0.00242, 0.5037335754813494, -2929.627967264871, -2458.6267601014906, 3.229734975491865, -2441.301281040691, -17.325479060800017, -0.23883826863437885, 1.7389986880469461, -0.005463312468225476, 4.929950882412206E-4, 6.3363360596707805, 0.6134446550142055, 0.0, 0.0059266855959572646, 1.1804391497893887, 0.0034285986202212152
0.00243, 0.5060913508998319, -2641.5478590153784, -2183.68177301998, 2.472694440069076, -2172.697778637431, -10.98399438254908, -0.2455281090888917, 1.7456324498808216, -0.005663808683942969, 4.039441063851894E-4, 6.337581944444442, 0.6159795502828593, 0.0, 0.00482140032933746, 1.3105690927529134, 0.003428634129967666
0.00244, 0.49899928489362083, -2540.8549773451273, -2142.072884578917, 2.709816698372678, -2162.9254221669125, 20.852537587995446, -0.25145073060966217, 1.7515737658745332, -0.005675270221154479, 4.438750210658386E-4, 6.336415226337449, 0.618514445551513, 0.0, 0.004887707521990856, 1.3034321558829631, 0.0034286107938739183
0.00245, 0.4999934948667035, -2760.48841559877, -2365.502126590664, 3.3212402590903993, -2373.1455367768485, 7.6434101861848305, -0.2576597979686154, 1.7578278489099628, -0.005553299968347044, 5.071459592241621E-4, 6.335754742798353, 0.6210493408201668, 0.0, 0.005776388092710499, 1.2006182481671872, 0.0034285715542222714
0.00246, 0.507882329608705, -2972.932485533588, -2546.707424608498, 3.1741598193706038, -2553.1178550449586, 6.410430436460513, -0.2646310919103759, 1.7647870944548454, -0.005503178603055753, 4.845095834762212E-4, 6.336201923868313, 0.6235842360888205, 0.0, 0.0062786332098848825, 1.1531617797752631, 0.003428575048514539
0.00247, 0.5053073655951414, -3157.0936889353275, -2699.999591385064, 3.499878179152031, -2704.296027437389, 4.296436052325026, -0.27185450498514974, 1.7720381247341586, -0.005481643725324595, 5.416926122681296E-4, 6.33560241769547, 0.6261191313574743, 0.0, 0.006601055455530566, 1.1261685312468737, 0.003428604782888267
0.00248, 0.5042253304308204, -3305.649997055474, -2846.1977964373764, 3.2843391943308062, -2848.726452198959, 2.5286557615826712, -0.27970510390232445, 1.7798723984463602, -0.005528776882194436, 5.094097295365164E-4, 6.336025689300408, 0.628654026626128, 0.0, 0.006416409595901185, 1.143796985451117, 0.003428598542937838
0.00249, 0.5120314120769344, -3299.4572602536714, -2761.5119781137773, 3.6997286759444687, -2749.4114256667594, -12.100552447017945, -0.2876378211000424, 1.7878348501992878, -0.005464266979156565, 5.578741971632733E-4, 6.336871388888884, 0.6311889218947818, 0.0, 0.00707872018319507, 1.0904359728631656, 0.003428603816346312
0.0025, 0.5379482939299408, -2863.5087585648703, -2300.376428324695, 2.7397082303478095, -2281.5600925283593, -18.81633579633564, -0.29545885187701887, 1.795586121154246, -0.005830822155193371, 4.561147647002387E-4, 6.341465874485597, 0.6337238171634355, 0.0, 0.0047996222342570494, 1.3260327036406736, 0.00342860364303849
0.00251, 0.5165816527403884, -2541.222065262934, -2067.656900212464, 2.797359308332764, -2089.980567114574, 22.323666902110467, -0.30131006830541845, 1.8014445665378966, -0.005836001560559387, 4.7168172969496146E-4, 6.339472098765432, 0.6362587124320893, 0.0, 0.004898294897402706, 1.3143565801001773, 0.0034286335163079005
0.00252, 0.5225106729600898, -2896.154643534642, -2486.0169832603383, 3.628161337434653, -2521.4814788081403, 35.464495547802045, -0.3075922934724426, 1.8077878097536466, -0.005737554228187091, 5.664608429194052E-4, 6.337997870370368, 0.638793607700743, 0.0, 0.005612421287988477, 1.2295215425598214, 0.0034285951717410597
0.00253, 0.5080254952407899, -3594.040928658333, -3162.057296018646, 4.329563308433819, -3179.1185372138593, 17.06124119521333, -0.315138188129731, 1.8153880464533472, -0.005398592106298841, 6.455079437913086E-4, 6.336531934156381, 0.6413285029693968, 0.0, 0.008397670332905241, 1.0064800944534575, 0.0034287771038676034
0.00254, 0.5182330416348262, -4053.9515235225667, -3501.6163018096004, 4.374111697707061, -3493.560816201611, -8.055485607989125, -0.3247525748565594, 1.8250052340928122, -0.005351589786352648, 6.530250986596318E-4, 6.337447757201647, 0.6438633982380505, 0.0, 0.009059074828905703, 0.9703172283846077, 0.0034287328291372973
0.00255, 0.5347290670948346, -3936.273707650385, -3406.9661534263296, 3.931286025925365, -3418.0641747550544, 11.098021328724933, -0.3344943808504371, 1.834714982609702, -0.0055208301433005815, 6.121877630965016E-4, 6.3398350925925975, 0.6463982935067043, 0.0, 0.007690321511348549, 1.054513730361308, 0.0034286548259608407
0.00256, 0.5425928623001394, -3821.114465229888, -3197.6584279748326, 4.825438930357713, -3177.2830237144185, -20.37540426041435, -0.343546897394616, 1.843835164922977, -0.005298662485043373, 7.108157199015448E-4, 6.340870072016465, 0.648933188775358, 0.0, 0.010058197785307778, 0.9232748309155905, 0.003428597041841404
0.00257, 0.5283304916740594, -3441.911674751715, -2786.101010956371, 3.164043059141566, -2753.756785605811, -32.344225350559846, -0.3527388585082755, 1.8529021675469939, -0.00585504911195831, 5.204556217420142E-4, 6.339248683127568, 0.6514680840440118, 0.0, 0.005589287123752105, 1.2401586826859186, 0.0034286991573114264
0.00258, 0.5984289250793907, -3030.8345041314833, -2507.3214961387193, 3.3766175663101072, -2542.1310881921604, 34.80959205344115, -0.3599808150962892, 1.8601634783320649, -0.005730442853279737, 5.604336578524453E-4, 6.3498816460905365, 0.6540029793126655, 0.0, 0.006565627789918856, 1.145722740569807, 0.003428571795021001
0.00259, 0.5708645392939738, -3324.9262127438456, -2798.7483645510606, 4.374283695560482, -2835.7839936273544, 37.03562907629399, -0.3672100272990555, 1.8674697012027441, -0.005608512685194524, 6.910036279716362E-4, 6.345376965020574, 0.6565378745813193, 0.0, 0.007680532527511705, 1.0606742252262846, 0.003428577888340824
0.0026, 0.620163493070743, -4000.096435979748, -3472.426961289148, 4.897182009753067, -3497.863204090969, 25.43624280182083, -0.37585616836150915, 1.8761537031549362, -0.005450467329701949, 7.426016963438811E-4, 6.353990761316872, 0.659072769849973, 0.0, 0.009332239981191355, 0.9634797560575308, 0.0034285867967067227
0.00261, 0.5763650904849622, -4308.1737966567825, -3587.2328338459956, 5.427027414049479, -3556.769123028278, -30.46371081771741, -0.386309080917969, 1.8866499114669115, -0.00527867421834432, 8.181650619806058E-4, 6.346790061728397, 0.6616076651186268, 0.0, 0.011491587024149787, 0.8693632103484006, 0.0034286001573994853
0.00262, 0.6208378537709205, -3760.935034418163, -3098.0459293621548, 3.5183704088805303, -3094.245237507635, -3.8006918545196027, -0.3964261830246163, 1.896623660964409, -0.005972933635550219, 6.034176555735077E-4, 6.353927438271617, 0.6641425603872805, 0.0, 0.0055647799094375545, 1.2508950138446044, 0.003428572493579865
0.00263, 0.5248932837152829, -22625.16563534748, -22774.18487371591, 5.283114560731046, -22903.529449338377, 129.34457562246766, -0.40426622295922315, 1.904598052594651, -0.005463177396445385, 8.046243367517282E-4, 6.337931728395068, 0.6666774556559343, 0.0, 0.009847153879025383, 0.9415447823224188, 0.003428606889492046
0.00264, 0.637558378757675, -49174.0976664398, -49048.39489346078, 8.902600464920006, -49144.08938812559, 95.69449466480435, -0.5044533914987693, 2.005048803649493, -0.0022286964035414408, 0.0012271113289957461, 6.356204567901241, 0.669212350924588, 0.0, 0.3181955846262237, 0.16584357904422173, 0.0034285880643592248
0.00265, 0.5889650068829861, -60225.130686997225, -59224.03138797506, 9.104932797739252, -59230.93604707204, 6.90465909698285, -0.639055244430149, 2.139670875078939, -0.00225863138824424, 0.0012708281902762042, 6.348007500000002, 0.6717472461932418, 0.0, 0.3109966337727215, 0.1679636128702489, 0.0034286258051976397
0.00266, 0.5941674964549046, -69524.48618518829, -68292.20591778483, 9.090790803371, -68296.3732981423, 4.167380357473926, -0.7920072089144995, 2.292621599575047, -0.0022025812885966478, 0.0012696698039182514, 6.347836193415637, 0.6742821414618955, 0.0, 0.3330133528927469, 0.16252025014682212, 0.0034285997726618248
0.00267, 0.5658497119184369, -68769.96476680652, -66431.57207911157, 9.219016812079799, -66296.38291584754, -135.18916326403325, -0.9710102136990563, 2.4716366130563685, -0.002203955604358682, 0.0013002723552884303, 6.3437751028806595, 0.6768170367305493, 0.0, 0.33544221262052015, 0.16213346238921827, 0.003428661480363907
0.00268, 0.6534427348844813, -48625.79974613535, -46877.46555338707, 3.6430051208498573, -46894.83334363144, 17.367790244375136, -1.1203596037812817, 2.6205724471569614, -0.006110608226629247, 6.339289641702823E-4, 6.360262829218114, 0.679351931999203, 0.0, 0.005558790122058098, 1.2610507166287286, 0.003428669313389597
0.00269, 0.6812116784664034, -41430.64385705754, -40265.29652305349, 9.5509681565663, -40426.70414786327, 161.40762480977878, -1.2031813054408784, 2.703844460624672, -0.0022363454613309984, 0.0013879282584931452, 6.362522993827157, 0.6818868272678568, 0.0, 0.3298912377765457, 0.16389906030507317, 0.003428681224132696
0.0027, 0.5994855810927583, -39238.86265227197, -36647.615336591916, 9.573107538402654, -36581.77239597979, -65.84294061213119, -1.318176356741199, 2.818848528367709, -0.0027457730751434934, 0.00141491277361436, 6.348868549382713, 0.6844217225365105, 0.0, 0.1955095570696617, 0.2131645684583376, 0.0034285806967492244
0.00271, 0.6863273698934496, -33614.261779366345, -31543.8446963081, 7.160232256223066, -31540.724646082435, -3.120050225666538, -1.3905330740132698, 2.8910191122229087, -0.004864709783875533, 0.001084032209869448, 6.36361161522634, 0.6869566178051643, 0.0, 0.021808354675610566, 0.6390321966582538, 0.0034285857619333953
0.00272, 0.6888561200606154, -42557.65582397719, -40878.482637788904, 9.588185046402904, -40937.59829910499, 59.115661316082985, -1.4786726343583327, 2.9793404485207438, -0.002404951674701387, 0.0014080158688422792, 6.363611090534985, 0.689491513073818, 0.0, 0.2842400570586979, 0.1772249058594169, 0.003428622211210131
0.00273, 0.6914145726877522, -48056.82505599368, -45682.50512137913, 9.548819090083045, -45691.96982730767, 9.464705928541717, -1.5937309127369566, 3.094388838223782, -0.0020272617390552023, 0.0013766417591066107, 6.363364269547335, 0.6920264083424718, 0.0, 0.4236366391047044, 0.14534559893396093, 0.0034286616042331496
0.00274, 0.6939269814187943, -45777.261286756555, -43184.09233800652, 9.826515691814647, -43190.256497808725, 6.1641598022065205, -1.7081270720672481, 3.2088178112895633, -0.0020806616889238573, 0.0014632917984579393, 6.363083199588479, 0.6945613036111254, 0.0, 0.40405863354849453, 0.149006684916642, 0.003428639471506447
0.00275, 0.6964414444425983, -47567.15759939017, -44830.77108029254, 9.669893897580424, -44826.783141788896, -3.987938503645102, -1.8123012351868535, 3.3129729224175355, -0.0019558379266234813, 0.0014167544162150363, 6.363422613168724, 0.6970961988797792, 0.0, 0.4627834090818859, 0.13940117506356114, 0.0034286313798864167
0.00276, 0.6989405945648494, -48586.12251606741, -45640.72664572207, 9.861394622850783, -45657.61341763355, 16.8867719114806, -1.935243519890473, 3.4359323425315447, -0.0019797965669457497, 0.0014545544631714548, 6.36448363168724, 0.6996310941484329, 0.0, 0.45487933736786, 0.14077731668524232, 0.003428997255818625
0.00277, 0.7015251885104962, -43095.214574631114, -40011.1116190428, 10.053319862362851, -40023.715154199985, 12.603535157187078, -2.0442828821098704, 3.544992487242845, -0.002009909875073331, 0.0015079230626254881, 6.3644274897119395, 0.7021659894170867, 0.0, 0.44437412404586635, 0.1426034292029002, 0.003428578961367729
0.00278, 0.7039801748633737, -40445.66383912642, -37240.710588468566, 10.1030342940448, -37242.08028857578, 1.36970010721698, -2.141008012585226, 3.641723071322007, -0.0019596502494000235, 0.0015256194419305093, 6.364715730452679, 0.7047008846857404, 0.0, 0.47104758289260856, 0.13867355079151622, 0.0034285762162628622
0.00279, 0.7065037788787116, -38652.12418659175, -35303.06354256223, 10.146640626223155, -35309.92891472007, 6.8653721578377995, -2.2373967019087733, 3.7381156042819765, -0.0019235973025858344, 0.0015254385783423495, 6.365879362139915, 0.7072357799543942, 0.0, 0.4920011306300546, 0.13585098068012016, 0.0034286035618331335
0.0028, 0.7090858385069029, -37359.93671967473, -33887.611058420174, 10.289512643188461, -33901.359570779816, 13.748512359644675, -2.3255583113441625, 3.826291822184436, -0.001925340128541871, 0.0015693342229554166, 6.36516832304527, 0.7097706752230479, 0.0, 0.49454827974635923, 0.13566237728187233, 0.0034285893455984913
0.00281, 0.7115908305859422, -37975.41479442941, -34392.127369777176, 10.403920235791249, -34398.249755777484, 6.122386000308802, -2.4157772599848726, 3.916522397903778, -0.0019053527271645492, 0.0016022924195722408, 6.365299341563781, 0.7123055704917017, 0.0, 0.5080442959063778, 0.13400749138321918, 0.003428856873174543
0.00282, 0.7140964063254377, -38443.97514044949, -34735.61582957407, 10.432203248228214, -34742.82585861258, 7.210029038511329, -2.5068775607591185, 4.007623663833177, -0.0018536943433088587, 0.0016099706793288005, 6.365552932098766, 0.7148404657603554, 0.0, 0.5385912935458447, 0.1303060156409583, 0.0034285723544790593
0.00283, 0.7166423736053704, -36558.44293320029, -32721.621112783814, 10.572174074418692, -32733.060361817068, 11.439249033254882, -2.599333720256007, 4.100093136519889, -0.0018453374675960162, 0.0016481360041799857, 6.366900699588482, 0.7173753610290092, 0.0, 0.5466480681847672, 0.12949489967032146, 0.003428832994609539
0.00284, 0.7191882259197273, -37056.89420351136, -33119.28006862745, 10.683675287534529, -33123.794133309515, 4.5140646820655235, -2.6814312678959724, 4.182203659635539, -0.0018163607388439872, 0.0016762366744656747, 6.366470565843624, 0.7199102562976629, 0.0, 0.5662373991042449, 0.12738489455987811, 0.0034290472665178804
0.00285, 0.7216796239006155, -41160.338774013384, -37094.21389538111, 10.70494704659134, -37098.900722556864, 4.686827175755875, -2.776267356899674, 4.277040971259634, -0.0017755325590637098, 0.0016814935590306016, 6.367547222222225, 0.7224451515663167, 0.0, 0.5932972074128323, 0.12459192475571552, 0.00342857931809208
0.00286, 0.7242416771412478, -39853.21435908747, -35643.23105786512, 10.821351209935674, -35659.75027743556, 16.519219570436917, -2.8779574091526094, 4.378741444754817, -0.0017605588831937457, 0.0017104145806390587, 6.36750779835391, 0.7249800468349704, 0.0, 0.6058124871750938, 0.12344229699540203, 0.0034285732929464695
0.00287, 0.7267834983295008, -35090.164295226845, -30775.142017886334, 11.03462527976042, -30784.011849875864, 8.869831989529056, -2.9665524388001643, 4.467358876576988, -0.0017634574535812617, 0.001772327963673614, 6.368130010288061, 0.7275149421036242, 3.983377105078249E-8, 0.6077403211983994, 0.12338983037586591, 0.00342857268930908
0.00288, 0.7292469616438052, -34719.742653100766, -30304.19707381638, 11.030848878278318, -30310.59145207899, 6.394378262608309, -3.045500602197372, 4.5463041716411485, -0.0017027222402460295, 0.001765115626321793, 6.367965936213992, 0.7300498373722779, 1.6079497165353038E-5, 0.648836285252229, 0.1195568209415367, 0.003428594952737073
0.00289, 0.731821138706797, -31221.955941408873, -26681.47535564836, 11.199520185086318, -26702.608801402155, 21.13344575379651, -3.1323269987837494, 4.633147944947865, -0.0017086493378214267, 0.0018151166183334308, 6.368800524691359, 0.7325847326409317, 9.169789454832924E-5, 0.6488128648268838, 0.11969719735993616, 0.003428610286533295
0.0029, 0.7342831992369205, -29470.365787102655, -24876.63723457139, 11.403871919943366, -24888.61303786828, 11.975803296889685, -3.19457446082955, 4.695417413175528, -0.0017167412284443443, 0.0018785817576907355, 6.369163539094644, 0.7351196279095854, 2.6184876021793425E-4, 0.6474259090244062, 0.11996338788436393, 0.0034287757036844477
0.00291, 0.7368198449125659, -28496.54425345208, -23798.519916779293, 11.436160376744406, -23814.69273695084, 16.17282017154852, -3.2730376304760593, 4.77388360875176, -0.0016223791175112722, 0.0018852526033592532, 6.369746553497943, 0.7376545231782392, 5.017162119030135E-4, 0.7134525570494522, 0.11440882905451034, 0.0034288170794354706
0.00292, 0.7393449512082139, -23738.9495037273, -18968.833457261684, 11.720005046870142, -18982.81147101961, 13.978013757925444, -3.330635437198765, 4.831510313443989, -0.0016642014892846654, 0.0019687583484779263, 6.3704370061728355, 0.7401894184468929, 9.044186389447853E-4, 0.6889066597123338, 0.11656241033250812, 0.0034286180683993227
0.00293, 0.7419015744418417, -24643.915167861207, -19819.926991866152, 11.70097378417573, -19822.174951356796, 2.2479594906432228, -3.3863827651958722, 4.887252578492957, -0.001596832707695246, 0.0019654773491071154, 6.370581316872427, 0.7427243137155467, 0.0013654727838805652, 0.7390570629514314, 0.11266645977283028, 0.003428642953115017
0.00294, 0.7443668072474413, -29062.687836302768, -24159.424773273844, 11.844617439881615, -24172.450276052165, 13.025502778321277, -3.4483014646818386, 4.9491840158451605, -0.0015927075619820994, 0.001992907792061069, 6.370800236625511, 0.7452592089842004, 0.001987265246007673, 0.7458568526746704, 0.11227915318533561, 0.003428726477817822
0.00295, 0.7469201938856886, -30257.226728013466, -25268.669488899734, 12.006387255416742, -25280.650108914557, 11.980620014824588, -3.525146878056401, 5.026047228349235, -0.0015611909727700612, 0.002041226739574288, 6.371844187242796, 0.7477941042528542, 0.00275997300905738, 0.7726310897608002, 0.1104415117276706, 0.0034285731325928727
0.00296, 0.7494155321806435, -28692.032062574464, -23621.72690720153, 12.087268554004082, -23629.15804756312, 7.4311403615900025, -3.5927690806223054, 5.093675552423983, -0.0015225973444352179, 0.002063949864314066, 6.372174814814817, 0.7503289995215079, 0.003654863985165308, 0.8055863062598488, 0.10828100879561624, 0.0034285721594416855
0.00297, 0.7519133050226912, -25391.562274667205, -20237.626283048463, 12.206986529753214, -20253.987399436643, 16.361116388181454, -3.662141239959697, 5.163059933755706, -0.0015049358855613085, 0.0020906534284063014, 6.372134125514409, 0.7528638947901617, 0.004699048895289739, 0.8231943782503439, 0.10723717854192306, 0.003428672352530631
0.00298, 0.7544749782840084, -22646.10698232416, -17437.331624505663, 12.391804501092075, -17458.691377211704, 21.35975270604238, -3.7140048600874747, 5.214943657615963, -0.0014800795054111787, 0.002156146915009855, 6.372890432098771, 0.7553987900588154, 0.0059871384323493, 0.8468084182691548, 0.10584993568091189, 0.003428699136659629
