This fits B3 to B12 into the virial expansion since maxPower is set to 10.
Number of particles: 108
dryVolFracMax: 0.003
dryVolFracIncrement: 1.0E-4
Initial configuration: FCC
Dry microgel radius [nm]: 50.0
Box length [units of dry radius]: 52.648203563095535
Number of monomers: 2916666.666666667
Number of chains: 87.50000000000001
Flory interaction parameter (chi): 0.0
Young's calibration factor: 1.0
x-link fraction: 3.0E-5
MC steps: 100000
Equilibration steps: 10000.0
Snapshot interval: 100
Displacement tolerance: 0.1
Particle radius change tolerance: 0.05
Particle radius bin width: 0.001
g(r) bin width: 0.005
phi0, phi, rho, mu/kT, Z_measured, Z_virial_Fit, <F_total>/V, QMelting, <F_id>/V, <F_ex>/V, <F_FR>/V, <alpha>, Zeta, B2_rho, B2_phi0, B2_HS, B2*
2.0E-4, 0.06872566795739099, 4.774648292756861E-5, -14.720988220269133, 1.1609833148523556, 1.1418718689506453, -4.92153968521577E-4, 1.5004932665655566, -5.213638970822166E-4, 5.317443420351753E-6, 2.3892485140287834E-5, 7.004992150205761, 0.06875648901040608, 4066.0633530391856, 970.701122341489, 5759.3246410034635, 0.7059965545423298
3.0E-4, 0.1030324655006971, 7.161972439135293E-5, -8.504894976402703, 1.3048131277849375, 1.318642421960084, -7.028754127360187E-4, 1.500706080891971, -7.530065463303081E-4, 1.4379121859651006E-5, 3.5752011734638495E-5, 7.004928528806585, 0.10313473351560913, 4065.9525664952607, 970.6746740023485, 5759.167718787325, 0.7059965545423298
4.0E-4, 0.13728136494723908, 9.549296585513724E-5, -7.899471213016494, 1.4946083342967345, 1.5106437295248532, -8.982327913131527E-4, 1.500905163612578, -9.765371141186377E-4, 3.0456703059183697E-5, 4.784761974630129E-5, 7.004892757201645, 0.13751297802081217, 4065.890276820681, 970.6598034379291, 5759.07948935592, 0.70599655454233
5.0E-4, 0.17146077960713876, 1.1936620731892148E-4, -7.38347493809693, 1.7061429510562114, 1.687188355032345, -0.0010800473801451304, 1.5010924818086495, -0.0011940355932402447, 5.3968244486323645E-5, 6.0019968608790535E-5, 7.004759927983544, 0.1718912225260152, 4065.658984720644, 970.6045865164007, 5758.751878550249, 0.7059965545423297
6.0E-4, 0.2056391282430276, 1.4323944878270585E-4, -6.855736706480388, 1.8551050885501958, 1.8592346131143134, -0.0012507677513911284, 1.5012688798856948, -0.001406727072591923, 8.486595619715028E-5, 7.109336500364431E-5, 7.004719732510287, 0.20626946703121826, 4065.5889951060485, 970.5878777267086, 5758.652742634999, 0.70599655454233
7.0E-4, 0.23973796080969786, 1.6711269024649017E-4, -6.373637779109692, 2.0505874159342152, 2.0548336885936753, -0.0014073846957570017, 1.5014334026719804, -0.0016154210498813184, 1.2351801889244268E-4, 8.451833523187384E-5, 7.0046743312757185, 0.24064771153642134, 4065.5099420231404, 970.5690051933415, 5758.540768883289, 0.7059965545423297
8.0E-4, 0.2737186220967845, 1.9098593171027449E-4, -5.843132813078336, 2.315707490493948, 2.295355831965188, -0.0015550865387978956, 1.5015928146365924, -0.0018206928681456847, 1.7095751237391937E-4, 9.46488169738697E-5, 7.004694002057619, 0.2750259560416244, 4065.5441928591604, 970.5771819781279, 5758.589283052089, 0.7059965545423299
9.0E-4, 0.3076014819877924, 2.148591731740588E-4, -5.2418359605218905, 2.588282623829363, 2.5850796972398977, -0.0016863737368601624, 1.501737592471618, -0.0020229727110088343, 2.2858865002307093E-4, 1.080103241256008E-4, 7.004480699588479, 0.30940420054682743, 4065.17280010127, 970.4885184882576, 5758.063228419809, 0.7059965545423299
0.001, 0.34137132228580824, 2.38732414637843E-4, -4.64880022021301, 2.880809032349153, 2.9149724533655474, -0.0018053657699960693, 1.5018738263470641, -0.0022225944863660013, 2.978453558023336E-4, 1.1938336056759877E-4, 7.004301306584358, 0.3437824450520305, 4064.860466504384, 970.4139543345005, 5757.620827398336, 0.7059965545423299
0.0011, 0.3748999182157906, 2.626056561016274E-4, -4.0203684411650995, 3.2978097507927533, 3.273610934399401, -0.00190833759720824, 1.502001471097535, -0.0024198249427019227, 3.7991546427862725E-4, 1.315718812150552E-4, 7.004223148148152, 0.3781606895572336, 4064.724393149556, 970.3814692139346, 5757.428087994791, 0.7059965545423298
0.0012, 0.4083857201147014, 2.864788975654117E-4, -3.322383802235621, 3.6760939609006584, 3.658603574711388, -0.0019973242231346943, 1.5021161686661535, -0.00261488210504646, 4.757822995368413E-4, 1.4177558237492472E-4, 7.0041362757201595, 0.41253893406243664, 4064.5731523523555, 970.3453631332271, 5757.213864856975, 0.7059965545423299
0.0013, 0.4418460890061689, 3.10352139029196E-4, -2.515569245268461, 4.021506129226809, 4.082728327588146, -0.0020669697387005136, 1.5022119544125112, -0.002807947521593494, 5.865587512180557E-4, 1.544190316749246E-4, 7.004078600823046, 0.4469171785676397, 4064.4727451506074, 970.3213926795067, 5757.071644330399, 0.7059965545423299
0.0014, 0.4748933150671171, 3.342253804929803E-4, -1.729653630977375, 4.5126093701543315, 4.571674601901989, -0.0021174338071570215, 1.5023006089033417, -0.002999174719602353, 7.138087715922964E-4, 1.679321408530349E-4, 7.003862520576136, 0.48129542307284273, 4064.096582104749, 970.2315903672715, 5756.53883288332, 0.7059965545423299
0.0015, 0.5072487433837228, 3.580986219567647E-4, -0.8394910833869186, 5.236474056544636, 5.154997591233645, -0.002149554616262582, 1.5023938099255993, -0.003188695233083918, 8.598827082792293E-4, 1.7925790854210697E-4, 7.003598395061728, 0.5156736675780458, 4063.6368110353897, 970.1218281097027, 5755.88759589583, 0.7059965545423298
0.0016, 0.5395180638301605, 3.8197186342054886E-4, 0.2399579244626293, 5.953951942952868, 5.8530940815922605, -0.002157516553837801, 1.50246412405926, -0.0033766230161081877, 0.0010278748511890028, 1.9123161108138402E-4, 7.003478384773666, 0.5500519120832489, 4063.4279170468158, 970.0719583434071, 5755.591710615328, 0.7059965545423298
0.0017, 0.5713347615302358, 4.0584510488433315E-4, 1.4248821992702116, 6.7446517093418, 6.665450313587513, -0.002138097469318892, 1.5025208175391491, -0.0035630577486152858, 0.001221114982680115, 2.0384529661627868E-4, 7.0031779732510335, 0.5844301565884519, 4062.9050419239697, 969.9471311027761, 5754.851090679604, 0.7059965545423299
0.0018, 0.6030937235426207, 4.297183463481176E-4, 2.7279736404660277, 7.445775829815527, 7.56672413045743, -0.0020894834402365495, 1.5025509124676801, -0.003748087361811589, 0.0014428153571422048, 2.1578856443283471E-4, 7.002836532921809, 0.618808401093655, 4062.3108094169966, 969.80526854153, 5754.009397468567, 0.70599655454233
0.0019, 0.6343513369708313, 4.535915878119019E-4, 4.0986565623062905, 8.28546426011648, 8.512258260612043, -0.002007846322467524, 1.5025626260538134, -0.003931790000723226, 0.0016953664947601463, 2.2857718349555617E-4, 7.002545555555551, 0.6531866455988581, 4061.8044468680573, 969.6843833875396, 5753.2921665618705, 0.7059965545423299
0.002, 0.6644716505498268, 4.7746482927568624E-4, 5.493442591241748, 9.398734316019075, 9.45478410015312, -0.0018937870046584252, 1.5025832461323605, -0.004114235572503025, 0.0019799954800966274, 2.4045308774797226E-4, 7.002364465020581, 0.687564890104061, 4061.4893320376177, 969.6091552631806, 5752.845826096875, 0.70599655454233
0.0021, 0.6937680143645772, 5.013380707394704E-4, 6.912966076349794, 10.637716898878487, 10.368240554409567, -0.0017455537595712214, 1.5025945460698455, -0.0042954869843524115, 0.0022967587239432208, 2.5317450083796957E-4, 7.001933528806585, 0.721943134609264, 4060.739527396229, 969.4301525906351, 5751.783774679535, 0.70599655454233
0.0022, 0.7239341086362792, 5.252113122032547E-4, 8.295858948237047, 11.563300167929654, 11.272833906662527, -0.0015637171879151288, 1.5025382027654466, -0.0044756011451519695, 0.002645747339096366, 2.661366181404743E-4, 7.00150962962963, 0.756321379114467, 4060.002056841351, 969.2540944643449, 5750.73919372495, 0.7059965545423299
0.0023, 0.7566848087256637, 5.490845536670391E-4, 9.853917726248863, 11.92017735874537, 12.248625740249736, -0.001349455671929704, 1.5023484581573199, -0.004654629784629776, 0.0030283435008239268, 2.768306118761445E-4, 7.00158804526749, 0.79069962361967, 4060.138472228968, 969.2866612392245, 5750.932417596567, 0.70599655454233
0.0024, 0.7849445914962782, 5.729577951308231E-4, 11.714190918014971, 13.32216691735897, 13.426088995616738, -0.0010932272734291218, 1.5022688891035605, -0.004832620129818146, 0.0034476500283097122, 2.9174282807931156E-4, 7.000968528806587, 0.8250778681248729, 4059.0608166831453, 969.0293899286223, 5749.405985861329, 0.7059965545423298
0.0025, 0.8118132825220786, 5.968310365946075E-4, 13.730820157997567, 14.981089028362787, 14.952884576272481, -7.901442552524229E-4, 1.5021856785573844, -0.005009615468588517, 0.003911236759934655, 3.0823445340143934E-4, 7.0002379320987655, 0.8594561126300759, 4057.7901809153873, 968.7260479836602, 5747.60620970154, 0.7059965545423299
0.0026, 0.8362929338975413, 6.207042780583919E-4, 16.340180014282314, 17.055164033736407, 16.928547628878732, -4.37628903173776E-4, 1.5021420869972768, -0.005185655622889315, 0.004429951619094652, 3.1807510062088675E-4, 6.999697376543211, 0.8938343571352789, 4056.8502307281115, 968.5016514058126, 5746.274829001128, 0.7059965545423298
0.0027, 0.8592922401516132, 6.445775195221761E-4, 19.586115473689368, 19.3182284602474, 19.33337899565231, -9.95812916709457E-6, 1.502069928704899, -0.005360777349080229, 0.005015667149068648, 3.3515207084448655E-4, 6.999035370370366, 0.9282126016404819, 4055.6992927266997, 968.2268851976371, 5744.644597247151, 0.70599655454233
0.0028, 0.878872275658887, 6.684507609859605E-4, 22.994336429475805, 21.960832618153717, 21.99954155580781, 4.975392249081207E-4, 1.5020540947447596, -0.005535014678884134, 0.005678306161327029, 3.542477424652255E-4, 6.998074825102875, 0.9625908461456849, 4054.029713446926, 967.8283025047474, 5742.279742533582, 0.7059965545423299
0.0029, 0.8966764682837676, 6.923240024497446E-4, -10.420437158960745, 24.71858211202796, 24.71330411573581, 0.0010879405625936409, 1.502026189040887, -0.005708399211575585, 0.00642326757809375, 3.730721960754756E-4, 6.997094578189302, 0.9969690906508879, 4052.3263620568014, 967.4216573144063, 5739.867051736204, 0.7059965545423299
