This fits B3 to B5 into the virial expansion since maxPower is set to 3.
Number of particles: 108
dryVolFracMax: 0.003
dryVolFracIncrement: 1.0E-4
Initial configuration: FCC
Dry microgel radius [nm]: 50.0
Box length [units of dry radius]: 52.648203563095535
Number of monomers: 2916666.666666667
Number of chains: 87.50000000000001
Flory interaction parameter (chi): 0.0
Young's calibration factor: 1.0
x-link fraction: 3.0E-5
MC steps: 100000
Equilibration steps: 10000.0
Snapshot interval: 100
Displacement tolerance: 0.1
Particle radius change tolerance: 0.05
Particle radius bin width: 0.001
g(r) bin width: 0.005
phi0, phi, rho, mu/kT, Z_measured, Z_virial_Fit, <F_total>/V, QMelting, <F_id>/V, <F_ex>/V, <F_FR>/V, <alpha>, Zeta, B2_rho, B2_phi0, B2_HS, B2*
2.0E-4, 0.06871881611221493, 4.774648292756861E-5, -14.540650244841002, 1.1765759175752055, 1.2209893469595767, -4.873792582767811E-4, 1.5004886320195723, -5.213638970822166E-4, 9.903332560387289E-6, 2.408130624504822E-5, 7.004908837448567, 0.06875648901040608, 4065.9182775361623, 970.6664881163475, 5759.119150619565, 0.7059965545423299
3.0E-4, 0.10303791404688167, 7.161972439135293E-5, -8.354928766188543, 1.282408788744661, 1.3529544322840947, -6.942649086710473E-4, 1.5006972143882285, -7.530065463303081E-4, 2.3022188516661026E-5, 3.571944914259986E-5, 7.004861893004115, 0.10313473351560913, 4065.836533005292, 970.6469730471094, 5759.003364600009, 0.7059965545423299
4.0E-4, 0.13728490234072124, 9.549296585513724E-5, -7.780418488461778, 1.4793061893858972, 1.5010373971090727, -8.862977219726543E-4, 1.5008930514838927, -9.765371141186377E-4, 4.2289966337185124E-5, 4.7949425808798294E-5, 7.004834485596704, 0.13751297802081217, 4065.7888088942254, 970.6355797548381, 5758.935766379084, 0.7059965545423299
5.0E-4, 0.17150899261754837, 1.1936620731892148E-4, -7.275485999882085, 1.645186948466562, 1.6671757721646092, -0.0010657525271997267, 1.501076952218376, -0.0011940355932402447, 6.82966036166902E-5, 5.9986462423827784E-5, 7.004863786008233, 0.1718912225260152, 4065.8398292790066, 970.6477599744926, 5759.008033565735, 0.7059965545423298
6.0E-4, 0.20570796883914805, 1.4323944878270585E-4, -6.7545880216699015, 1.7774891948248057, 1.853725920681875, -0.0012336765900557887, 1.5012498504157867, -0.001406727072591923, 1.0169194889479503E-4, 7.135853364133907E-5, 7.004791995884776, 0.20626946703121826, 4065.714822928797, 970.617916906662, 5758.830969882623, 0.70599655454233
7.0E-4, 0.2397882824537242, 1.6711269024649017E-4, -6.242818794475486, 2.001672274034318, 2.0635542532904623, -0.001388260348859148, 1.5014129062981822, -0.0016154210498813184, 1.432097032539106E-4, 8.395099776825962E-5, 7.004719074074075, 0.24064771153642134, 4065.587848623017, 970.5876040240462, 5758.651118713435, 0.7059965545423297
8.0E-4, 0.27369429744812573, 1.9098593171027449E-4, -5.711714726659588, 2.324537930867703, 2.299930375847468, -0.001531749231046117, 1.5015694855243782, -0.0018206928681456847, 1.9366659946518794E-4, 9.527703763437998E-5, 7.00452032921811, 0.2750259560416244, 4065.241799736291, 970.5049909377353, 5758.160962090856, 0.7059965545423298
9.0E-4, 0.3077246011977555, 2.148591731740588E-4, -5.156714348989715, 2.4865593415502856, 2.5667450514989607, -0.0016609746385427423, 1.5017089737969411, -0.0020229727110088343, 2.5401606500580757E-4, 1.0798200746028458E-4, 7.004553847736622, 0.30940420054682743, 4065.300159850115, 970.5189233886271, 5758.243625545017, 0.7059965545423298
0.001, 0.34128912383923576, 2.38732414637843E-4, -4.582459172267235, 2.9469565182702864, 2.8680481953557995, -0.0017779642046725024, 1.5018487680253536, -0.0022225944863660013, 3.2527077558595826E-4, 1.1935950610754093E-4, 7.004307623456794, 0.3437824450520305, 4064.8714642729274, 970.4165798583406, 5757.6364050502, 0.7059965545423299
0.0011, 0.3750328653807516, 2.626056561016274E-4, -3.9475861217397004, 3.216483273732204, 3.208721391249398, -0.00187977094717768, 1.5019689279745523, -0.0024198249427019227, 4.086569632030113E-4, 1.3139703232123128E-4, 7.004265915637863, 0.3781606895572336, 4064.7988507088453, 970.3992446468518, 5757.533552474483, 0.7059965545423298
0.0012, 0.4084306903042378, 2.864788975654117E-4, -3.243466562311709, 3.6665853298485667, 3.5938558888511802, -0.0019664475580392538, 1.5020841811302814, -0.00261488210504646, 5.054942025668006E-4, 1.4294034444040581E-4, 7.004247109053499, 0.41253893406243664, 4064.7661086150256, 970.3914280477339, 5757.487175344722, 0.70599655454233
0.0013, 0.4417245983359875, 3.10352139029196E-4, -2.473766971193973, 4.092292749286095, 4.028968528640345, -0.0020346350680212357, 1.5021830916568761, -0.002807947521593494, 6.172461548752277E-4, 1.5606629869703047E-4, 7.0040594032921835, 0.4469171785676397, 4064.4393242119463, 970.3134140181207, 5757.0243056593445, 0.7059965545423299
0.0014, 0.47458502707197453, 3.342253804929803E-4, -1.738763425486771, 4.664128206671151, 4.5202111804120575, -0.00208456123049615, 1.5022778941483617, -0.002999174719602353, 7.4560007262381E-4, 1.690134164823926E-4, 7.003864393004116, 0.48129542307284273, 4064.099841619123, 970.2323685190086, 5756.543449781735, 0.7059965545423299
0.0015, 0.5072970342795194, 3.580986219567647E-4, -0.8286489523485155, 5.206077843281447, 5.074024624925745, -0.0021176549062313205, 1.502359464475111, -0.003188695233083918, 8.923773601257454E-4, 1.78662966726852E-4, 7.0035040740740815, 0.5156736675780458, 4063.4726321145204, 970.082633279491, 5755.6550467143725, 0.70599655454233
0.0016, 0.5393725345317723, 3.8197186342054886E-4, 0.15427276639824605, 5.994135856823004, 5.69766285162597, -0.002124126303552406, 1.5024356757969244, -0.0033766230161081877, 0.0010597270306792641, 1.927696818765177E-4, 7.003389248971189, 0.5500519120832489, 4063.272768871081, 970.0349194447873, 5755.37195292, 0.70599655454233
0.0017, 0.5716370587150147, 4.0584510488433315E-4, 1.2405838829687057, 6.623652790965552, 6.398445685461107, -0.002110288924224298, 1.5024847054535286, -0.0035630577486152858, 0.0012498781624408297, 2.02890661950158E-4, 7.003274300411523, 0.5844301565884519, 4063.0726973044543, 969.9871558765861, 5755.088564048851, 0.70599655454233
0.0018, 0.6030837341919716, 4.297183463481176E-4, 2.405084424993608, 7.450740669709171, 7.1840520594812185, -0.002064892786364024, 1.5025265749234524, -0.003748087361811589, 0.0014652324855591906, 2.1796208988837426E-4, 7.002831532921816, 0.618808401093655, 4062.302107997468, 969.8031912306352, 5753.99707245158, 0.7059965545423298
0.0019, 0.6340722277137738, 4.535915878119019E-4, 3.676000733614944, 8.38517691926353, 8.063368802695933, -0.0019954546017869794, 1.5025629614091232, -0.003931790000723226, 0.0017087509545635302, 2.2758444437271624E-4, 7.002748014403293, 0.6531866455988581, 4062.1567639009068, 969.7684928835098, 5753.791201621719, 0.7059965545423301
0.002, 0.6636995120268209, 4.7746482927568624E-4, 5.15648307466543, 9.603055287041538, 9.04461876139696, -0.0018893766800947482, 1.5026063443965825, -0.004114235572503025, 0.0019831628780736816, 2.4169601433459496E-4, 7.002219176954736, 0.687564890104061, 4061.236528707038, 969.5488029136428, 5752.487745977428, 0.7059965545423299
0.0021, 0.6945801629500613, 5.013380707394704E-4, 6.657763579657769, 10.401888534768773, 10.13767619884701, -0.00174925067069617, 1.5025703756177917, -0.0042954869843524115, 0.002292006163698276, 2.5423014995796557E-4, 7.001957870370372, 0.721943134609264, 4060.7818778813266, 969.4402630242037, 5751.843761495085, 0.7059965545423302
0.0022, 0.7256619293736184, 5.252113122032547E-4, 8.372575292153707, 11.142610059924094, 11.351949290383406, -0.0015714918850028305, 1.5024796591868697, -0.0044756011451519695, 0.0026386710078738873, 2.6543825227525147E-4, 7.001532613168724, 0.756321379114467, 4060.0420397281487, 969.2636396754542, 5750.795826985467, 0.7059965545423299
0.0023, 0.7568327739702226, 5.490845536670391E-4, 10.273910433322085, 11.882246760332146, 12.698201142527449, -0.0013494896474495702, 1.5023419752818767, -0.004654629784629776, 0.003027302858165863, 2.7783727901434203E-4, 7.00152243827161, 0.79069962361967, 4060.024339125031, 969.2594139677315, 5750.770755187307, 0.7059965545423298
0.0024, 0.7855760991700552, 5.729577951308231E-4, 12.346194410760694, 13.188904071415838, 14.186126958848202, -0.0010809487958988485, 1.5022301083685927, -0.004832620129818146, 0.003461534668544153, 2.9013666537514433E-4, 7.0008756584362155, 0.8250778681248729, 4058.8992841126387, 968.9908268680226, 5749.177185069784, 0.7059965545423299
0.0025, 0.8117753985368493, 5.968310365946075E-4, 14.695608981530821, 15.003714065588943, 15.827796316797109, -7.600022867957417E-4, 1.5021623133459958, -0.005009615468588517, 0.003946372589493391, 3.0324059229938497E-4, 7.0005515123456785, 0.8594561126300759, 4058.3355194567152, 968.8562379704265, 5748.378647665749, 0.7059965545423297
0.0026, 0.8363122848543629, 6.207042780583919E-4, 17.211345402728053, 17.06119397448122, 17.634012268297344, -3.792851525519633E-4, 1.5020827861588886, -0.005185655622889315, 0.004486178170161732, 3.201923001756188E-4, 6.999761286008238, 0.8938343571352789, 4056.961352744349, 968.5281798330684, 5746.43222639283, 0.7059965545423301
0.0027, 0.858624095317698, 6.445775195221761E-4, 19.897824447444464, 19.397578295378853, 19.617375998039776, 6.177892263609965E-5, 1.502030063498134, -0.005360777349080229, 0.005086451291838502, 3.361049798778263E-4, 6.999025596707816, 0.9282126016404819, 4055.6823022506524, 968.2228290202645, 5744.620531299609, 0.7059965545423299
0.0028, 0.8786316821050252, 6.684507609859605E-4, 22.870031973146695, 21.989793912865757, 21.790137105879232, 5.70765982723701E-4, 1.5019934203891205, -0.005535014678884134, 0.005752566527858671, 3.5321413374916465E-4, 6.9980913786008205, 0.9625908461456849, 4054.058482158158, 967.8351705286458, 5742.320491615213, 0.7059965545423299
0.0029, 0.8965722287263861, 6.923240024497446E-4, -11.954094788291584, 24.727892208044413, 24.16556742952226, 0.0011537425137948965, 1.5019691660245602, -0.005708399211575585, 0.006490641010660153, 3.7150071471032877E-4, 6.997206563786006, 0.9969690906508879, 4052.520932578999, 967.4681076049877, 5740.142648721691, 0.7059965545423301
