Number of particles: 32
Initial configuration: FCC
Dry microgel radius [nm]: 50.0
Box length [units of dry radius]: 20.267689261862134
Number of monomers: 2916666.666666667
Number of chains: 2916.666666666667
Flory interaction parameter (chi): 0.0
Young's calibration factor: 1.0
x-link fraction: 0.001
Reservoir swelling ratio: 3.505574917793274
Mean swelling ratio: 3.505
Dry volume fraction: 0.016099999999999975
Reservoir volume fraction: 0.6935912962996355
Actual volume fraction: 0.6928553246115318
MC steps: 20000
Equilibration steps: 10000.0
Snapshot interval: 100
Displacement tolerance: 0.1
Particle radius change tolerance: 0.0
Particle radius bin width: 0.001
g(r) bin width: 0.005
Mean pair energy <E_pair>/N [kT]: 0.7079142366162838
The coupling constant increment - dlambda: 0.0
phi0,	mu/KT,		(PV/NkT)_total,		1+(PV/NkT)_virial,		 1+(PV/NkT)_pair/calculated,		(PV/NkT)_FR,      <F_total>/V,      EntropySolid,		Freference/V,           <F_FR>/V,     <alpha>,      zeta, 		newHertzianPotential, 		SpringConstant, 		lindemannParameter
0.0121, -38.51540549802685, -71.95665163686103, 12.103738755880816, -71.95665163686103, 0.0, -0.01266581621881796, 1.5138635032477286, -0.008959794025656501, 0.0, 3.505, 0.5212704773432051, 0.0, 0.4713089088076532, 0.22635324561138506
0.0122, -138.09614854249475, -194.79160121872167, 8.950658132596104, -194.79160121872167, 0.0, -0.017853757845051617, 1.5186951093182515, -0.005741534817620063, 0.0, 3.505, 0.5255784978171159, 0.0, 1.025813239917979, 0.15384978275198566
0.0123, 69.62350358487345, 82.33025131557362, 9.733720089186729, 82.33025131557362, 0.0, -0.019259421617565164, 1.520186399245461, -0.006054224529143677, 0.0, 3.505, 0.5298865182910265, 0.0, 0.9637320363215818, 0.15916026355313395
0.0124, 164.31589130785363, 169.66882134501432, 10.483451786194852, 169.66882134501432, 0.0, -0.014529480419778945, 1.5155777308717653, -0.006133518679364609, 0.0, 3.505, 0.5341945387649373, 0.0, 0.9568514672761115, 0.1601631955831792
0.0125, 22.767192376178357, 26.956366814481786, 10.275459462497674, 26.956366814481786, 0.0, -0.011413915718506511, 1.5124138455191112, -0.0061743893740268205, 0.0, 3.505, 0.538502559238848, 0.0, 0.9585839049138468, 0.16044740538847044
0.0126, -110.78117523588399, -124.37628335991148, 10.974672009502429, -124.37628335991148, 0.0, -0.013442427057681075, 1.5145450258718796, -0.006249704603651996, 0.0, 3.505, 0.5428105797127588, 0.0, 0.952753081976457, 0.16136565098974406
0.0127, -83.02569722448061, -100.97182567042327, 10.594422293278962, -100.97182567042327, 0.0, -0.016703327210602633, 1.5177818466107187, -0.005411100578401489, 0.0, 3.505, 0.5471186001866696, 0.0, 1.1653629622607813, 0.14629014214106517
0.0128, -98.44559430032979, -107.71248172794739, 10.812537303314977, -107.71248172794739, 0.0, -0.01740661209275922, 1.5185257557342253, -0.005215009747527257, 0.0, 3.505, 0.5514266206605803, 0.0, 1.2295147712075736, 0.14279539705223618
0.0129, -34.74669112958983, -31.110651171438512, 10.166645020966797, -31.110651171438512, 0.0, -0.021403758098157675, 1.522427064216491, -0.0047781455094028, 0.0, 3.505, 0.5557346411344911, 0.0, 1.3677639273678397, 0.13573820164664352
0.013, -15.828585628018153, -25.075837803446795, 11.59670006857759, -25.075837803446795, 0.0, -0.01906564438756768, 1.5202810182409627, -0.005130856431828514, 0.0, 3.505, 0.5600426616084019, 0.0, 1.2750871887810655, 0.1409469243580376
0.0131, -95.316288265961, -108.84489799875116, 10.797649942221726, -108.84489799875116, 0.0, -0.0221595173916134, 1.5232917512942696, -0.0041222403881165555, 0.0, 3.505, 0.5643506820823126, 0.0, 1.6055669804343333, 0.12592751841184174
0.0132, 4.746134061509204, 9.311074622706638, 11.471364304681668, 9.311074622706638, 0.0, -0.023616661917977594, 1.524844347510049, -0.0042095346233255605, 0.0, 3.505, 0.5686587025562234, 0.0, 1.5858523131788802, 0.12702943532321256
0.0133, 43.869323623309036, 38.663222074847965, 11.583689695561073, 38.663222074847965, 0.0, -0.0219329061826736, 1.5231470766492736, -0.004046152861434829, 0.0, 3.505, 0.5729667230301342, 0.0, 1.6541420755847176, 0.12469295099473755
0.0134, -91.15001850763338, -104.9000553505353, 11.626908644078691, -104.9000553505353, 0.0, -0.021522056006553287, 1.5227365207503076, -0.0036919878504688107, 0.0, 3.505, 0.577274743504045, 0.0, 1.79652422422628, 0.11994886820673521
0.0135, -203.68842274404324, -211.9983814855344, 11.013928041723823, -211.9983814855344, 0.0, -0.02628499898519588, 1.5274142724974942, -0.003123516541821707, 0.0, 3.505, 0.5815827639779557, 0.0, 2.040022316165211, 0.11284220333342973
0.0136, 55.370152502262485, 52.60310765998274, 11.902669200681311, 52.60310765998274, 0.0, -0.031247461805645124, 1.532527993103613, -0.0029520834740542354, 0.0, 3.505, 0.5858907844518665, 0.0, 2.1255752215787775, 0.11082025808492078
0.0137, 172.6669353770868, 169.94998430534793, 11.793300536165297, 169.94998430534793, 0.0, -0.023641268944049734, 1.5248899662461102, -0.0025752913776236445, 0.0, 3.505, 0.5901988049257771, 0.0, 2.3111211316726425, 0.10653850426491823
0.0138, -99.45807896046556, -100.20269788936133, 12.164837045023903, -100.20269788936133, 0.0, -0.023003222923507458, 1.5243162718863763, -0.002514826096874517, 0.0, 3.505, 0.5945068253996879, 0.0, 2.3493370276129495, 0.10592491580745031
0.0139, -62.54650130156475, -67.26180114756838, 12.34518811760217, -67.26180114756838, 0.0, -0.028390042413144374, 1.5297533789365712, -0.002242805155305071, 0.0, 3.505, 0.5988148458735987, 0.0, 2.4947020784129785, 0.10304019758549206
0.014, 39.956146678104304, 33.533202706305595, 12.947686506943665, 33.533202706305595, 0.0, -0.025989598380081767, 1.527438300979764, -0.001913467872158949, 0.0, 3.505, 0.6031228663475094, 0.0, 2.678208661844052, 0.09968540260725271
0.0141, -58.34888224102941, -61.86623429358748, 12.879408328829387, -61.86623429358748, 0.0, -0.02648227693792684, 1.527889269515517, -0.0015921874490690993, 0.0, 3.505, 0.6074308868214202, 0.0, 2.8675900678221624, 0.09656630137176206
0.0142, -154.6294151809246, -161.22688018962734, 13.426019460587895, -161.22688018962734, 0.0, -0.02877555228984579, 1.5302885589765234, -0.001392475767695665, 0.0, 3.505, 0.611738907295331, 0.0, 2.992633863358176, 0.09475026115230167
0.0143, -169.0348089399875, -174.55652128829905, 13.5175341103951, -174.55652128829905, 0.0, -0.033865287669962774, 1.5353755113272578, -8.915045645510543E-4, 0.0, 3.505, 0.6160469277692417, 0.0, 3.316685657783562, 0.09021337900299874
0.0144, 45.75375462903505, 45.45799753723838, 13.72169814693456, 45.45799753723838, 0.0, -0.036846369909063724, 1.5383934420514207, -6.67661631641984E-4, 0.0, 3.505, 0.6203549482431525, 0.0, 3.472494616255169, 0.0883712776527268
0.0145, 36.05313318637, 35.41015361330873, 14.271308777599142, 35.41015361330873, 0.0, -0.03168070680569539, 1.5333563842816968, -3.7490114420824216E-4, 0.0, 3.505, 0.6246629687170633, 0.0, 3.68344007273802, 0.08600168433686764
0.0146, -261.4820752258315, -266.56377045135235, 14.666640272460462, -266.56377045135235, 0.0, -0.03512495960089535, 1.5367946963684969, -2.051574024135226E-4, 0.0, 3.505, 0.628970989190974, 0.0, 3.810360558150668, 0.0847511648249605
0.0147, -118.09244622065121, -126.35950455061699, 14.616357459757348, -126.35950455061699, 0.0, -0.04416555624633076, 1.5458504517691678, 3.4608538489392044E-4, 0.0, 3.505, 0.6332790096648848, 0.0, 4.245879457278395, 0.08046982224487405
0.0148, 53.89536951315923, 52.12019117351041, 14.780771363567519, 52.12019117351041, 0.0, -0.04076345856824449, 1.542457998917078, 7.951661234106216E-4, 0.0, 3.505, 0.6375870301387956, 0.0, 4.63118349164081, 0.07722400797741333
0.0149, 37.30039732483828, 38.05352889478501, 15.637455672094541, 38.05352889478501, 0.0, -0.041592241905995704, 1.5434288564538545, 9.924469435550701E-4, 0.0, 3.505, 0.6418950506127064, 0.0, 4.805662293774172, 0.07597952235054727
0.015, 10.33318157916569, 8.505768858319867, 15.465023745198977, 8.505768858319867, 0.0, -0.03898249578418257, 1.5407946608492458, 0.0013308133015028823, 0.0, 3.505, 0.6462030710866171, 0.0, 5.121237865336328, 0.07376562722484624
0.0151, -95.15361693487466, -100.27150767679053, 16.207399867449304, -100.27150767679053, 0.0, -0.0410988688281386, 1.54300290652484, 0.0016172102616416972, 0.0, 3.505, 0.6505110915605278, 0.0, 5.399104581337003, 0.07200166504308854
0.0152, -82.24468548986758, -89.52968567179335, 16.7279454426144, -89.52968567179335, 0.0, -0.04352574633065997, 1.5455268884370437, 0.00214095046642078, 0.0, 3.505, 0.6548191120344385, 0.0, 5.949962575963882, 0.06873878309410623
0.0153, -140.4123002421472, -143.6396271514149, 16.714066132340612, -143.6396271514149, 0.0, -0.045025763299763814, 1.5470188166185848, 0.002565920987890622, 0.0, 3.505, 0.6591271325083493, 0.0, 6.427959045358972, 0.06627834981244508
0.0154, -271.2022022542359, -272.8386651090303, 17.488965206216218, -272.8386651090303, 0.0, -0.05022993982699229, 1.5523332688425773, 0.002917157495695871, 0.0, 3.505, 0.6634351529822601, 0.0, 6.842294097087967, 0.06437992486392195
0.0155, 83.42938497666775, 83.00617370473236, 17.88296499707822, 83.00617370473236, 0.0, -0.057974714619614696, 1.5601480392719393, 0.0033342783768004563, 0.0, 3.505, 0.6677431734561708, 0.0, 7.3671798301339955, 0.06217813494168618
0.0156, -68.85271923708943, -72.45711607633326, 18.431135658418896, -72.45711607633326, 0.0, -0.04624648012154627, 1.5484600697704871, 0.003728448126064997, 0.0, 3.505, 0.6720511939300816, 0.0, 7.891272785520445, 0.06020683051194999
0.0157, -223.32335474953766, -226.1154370683607, 19.154278232904222, -226.1154370683607, 0.0, -0.06126218980318506, 1.563596610363543, 0.004147079857252304, 0.0, 3.505, 0.6763592144039924, 0.0, 8.483261041871677, 0.05819194801726116
0.0158, 0.31023505211484603, -1.5862577671899272, 19.33120768464993, -1.5862577671899272, 0.0, -0.05690938486642242, 1.5592605622217794, 0.004694999340787659, 0.0, 3.505, 0.6806672348779031, 0.0, 9.328774112127572, 0.055609778797251076
0.0159, -202.96328377509474, -202.99394141088473, 20.71285813840374, -202.99394141088473, 0.0, -0.06124737717056573, 1.5638098650186731, 0.005017433051008333, 0.0, 3.505, 0.6849752553518139, 0.0, 9.835877459929133, 0.05427130281431986
