Number of particles: 32
Initial configuration: FCC
Dry microgel radius [nm]: 50.0
Box length [units of dry radius]: 20.705571088144623
Number of monomers: 2916666.666666667
Flory interaction parameter (chi): 0.0
Young's calibration factor: 1.0
x-link fraction: 0.001
Reservoir swelling ratio: 3.505574023723603
Mean swelling ratio: 3.505
Dry volume fraction: 0.015099999999999981
Reservoir volume fraction: 0.6505105938372416
MC steps: 20000
Equilibration steps: 10000.0
Snapshot interval: 100
Displacement tolerance: 0.1
Particle radius change tolerance: 0.0
Particle radius bin width: 0.001
g(r) bin width: 0.005
phi0,	mu/KT,		(PV/NkT)_total,		1+(PV/NkT)_virial,		 1+(PV/NkT)_pair/calculated,		(PV/NkT)_FR,      <F_total>/V,      EntropySolid,		Freference/V,           <F_FR>/V,     <alpha>,      zeta, 		newHertzianPotential, 		SpringConstant, 		lindemannParameter
0.0121, -2838636.801336434, 1.114902582636788, 1.0, 1.11490264056915, -5.7932361954450196E-8, -8199.905092856345, 8201.405092856345, -0.00393917176212939, -8199.895954017198, 3.505, 0.52127007850534, 0.0, 1.558668299121719, 0.12446942958378387
0.0122, -2838629.839301885, 9.32542265555796, 1.0, 9.325422598100452, 5.745750652859403E-8, -8267.672399841116, 8269.172399841116, -0.0034890786421807544, -8267.663689174367, 3.505, 0.52557809568307, 0.0, 1.7466411987752475, 0.11790417599754022
0.0123, -2838634.0075436994, 9.69044481529631, 1.0, 9.690444759544858, 5.5751451191583847E-8, -8335.439684016259, 8336.939684016259, -0.003419673671005758, -8335.43142433153, 3.505, 0.5298861128608001, 0.0, 1.786908673259313, 0.11688576382829197
0.0124, -2838647.2959977505, -11.540535605307483, 1.0, -11.54053554754778, -5.775970239042045E-8, -8403.207190019917, 8404.707190019917, -0.003192928401108488, -8403.199159488699, 3.505, 0.5341941300385301, 0.0, 1.8955087025652226, 0.11379471632710193
0.0125, -2838644.974880685, -6.984197353386746, 1.0, -6.984197372282771, 1.8896025190534146E-8, -8470.975108672004, 8472.475108672004, -0.0027449692428603914, -8470.966894645866, 3.505, 0.5385021472162602, 0.0, 2.1139448850509224, 0.10804406978228513
0.0126, -2838633.4265795, 7.073286542504938, 1.0, 7.073286485662057, 5.6842881717556636E-8, -8538.742503850486, 8540.242503850486, -0.002615468865476392, -8538.734629803032, 3.505, 0.5428101643939902, 0.0, 2.188103680510538, 0.10647982463205807
0.0127, -2838636.257929094, 0.7183351827641422, 1.0, 0.7183350885719922, 9.419214995281501E-8, -8606.509871111808, 8608.009871111808, -0.0022913497679334436, -8606.502364960197, 3.505, 0.5471181815717203, 0.0, 2.365866584266066, 0.10267165020154813
0.0128, -2838642.466778384, -5.974472817888609, 1.0, -5.974472797054408, -2.083420116143824E-8, -8674.277401477275, 8675.777401477275, -0.0019949564347578183, -8674.270100117361, 3.505, 0.5514261987494504, 0.0, 2.539044315695968, 0.09936786144453233
0.0129, -2838641.6715086866, -5.670779079371326, 1.0, -5.670779021487778, -5.7883548033019084E-8, -8742.045065189313, 8743.545065189313, -0.0016469403198635906, -8742.037835274532, 3.505, 0.5557342159271804, 0.0, 2.753492520238483, 0.09566778379668807
0.013, -2838635.862258708, 6.30249280733598, 1.0, 6.302492750483795, 5.685218497152025E-8, -8809.81255758345, 8811.31255758345, -0.0013234307753234122, -8809.805570431698, 3.505, 0.5600422331049105, 0.0, 2.9661644932967075, 0.09241190620933565
0.0131, -2838639.608424465, 0.37276192164590194, 1.0, 0.3727618652277031, 5.6418198826699484E-8, -8877.579943924233, 8879.079943924233, -0.0012691486020077556, -8877.573305588863, 3.505, 0.5643502502826405, 0.0, 3.008042793205911, 0.09200106481197425
0.0132, -2838636.570985601, -3.5926070096361573, 1.0, -3.5926070275301205, 1.789396324861189E-8, -8945.347615184608, 8946.847615184608, -8.465433539370405E-4, -8945.341040746029, 3.505, 0.5686582674603706, 0.0, 3.3053093673932827, 0.08798926305689458
0.0133, -2838634.0614309344, 3.217456268321632, 1.0, 3.217456249989325, 1.833230675773384E-8, -9013.114856498369, 9014.614856498369, -4.5308776368696525E-4, -9013.108775903196, 3.505, 0.5729662846381006, 0.0, 3.6039638877436326, 0.08447692406679376
0.0134, -2838642.0855166367, -3.227309143217109, 1.0, -3.227309237037648, 9.382053913210569E-8, -9080.882407936335, 9082.382407936335, -2.3797879591314544E-4, -9080.876511060362, 3.505, 0.5772743018158307, 0.0, 3.776812198484246, 0.08272751865452682
0.0135, -2838635.5847364813, -0.031644326149665815, 1.0, -0.031644381460611715, 5.531094589821828E-8, -9148.650032371967, 9150.150032371967, 7.990678460833618E-5, -9148.644246217526, 3.505, 0.5815823189935607, 0.0, 4.042958199368601, 0.08015661912537021
0.0136, -2838632.7601083484, 1.9793249674904554, 1.0, 1.97932506441326, -9.692280473085893E-8, -9216.417273420544, 9217.917273420544, 4.5526684524356943E-4, -9216.411981374693, 3.505, 0.5858903361712908, 0.0, 4.37651385694485, 0.07723128176970133
0.0137, -2838640.281548275, -8.23106639188241, 1.0, -8.231066334041975, -5.784043500752155E-8, -9284.184762990117, 9285.684762990117, 8.096164671464142E-4, -9284.179716531864, 3.505, 0.5901983533490209, 0.0, 4.7112301791781, 0.07461923423617055
0.0138, -2838638.5486160913, -5.927184385385398, 1.0, -5.927184479799268, 9.441387060487789E-8, -9351.952363160997, 9353.452363160997, 0.0013143353381874123, -9351.94745168903, 3.505, 0.5945063705267509, 0.0, 5.227777618731884, 0.07100881034910497
0.0139, -2838636.351597262, -4.549332187728187, 1.0, -4.549332205269171, 1.7540984163874832E-8, -9419.719769989153, 9421.219769989153, 0.0016461630650965193, -9419.715186846193, 3.505, 0.598814387704481, 0.0, 5.588276415406963, 0.0688457423802307
0.014, -2838632.3935852335, 3.1768508205333803, 1.0, 3.1768508020292083, 1.85041721335876E-8, -9487.487265260112, 9488.987265260112, 0.0021893954721943494, -9487.482922003363, 3.505, 0.603122404882211, 0.0, 6.23345129966473, 0.06534155821427254
0.0141, -2838634.302719004, -0.2877059927249649, 1.0, -0.28770601055752126, 1.7832556374045626E-8, -9555.254483107114, 9556.754483107114, 0.002344999587664281, -9555.250657160526, 3.505, 0.6074304220599411, 0.0, 6.413413788782862, 0.06457129564740156
0.0142, -2838639.447197597, -7.248395021360563, 1.0, -7.248395002043862, -1.9316699990323427E-8, -9623.022069532495, 9624.522069532495, 0.0029567055219335866, -9623.018392317696, 3.505, 0.6117384392376711, 0.0, 7.235795012543957, 0.06093461635205615
0.0143, -2838632.914781229, 1.7741411651454182, 1.0, 1.7741410708357954, 9.430962268002895E-8, -9690.789533010256, 9692.289533010256, 0.00320493164555218, -9690.786127474861, 3.505, 0.6160464564154012, 0.0, 7.574063397341027, 0.05969784283643318
0.0144, -2838631.8838701732, -2.1847097823607755, 1.0, -2.18470979982182, 1.7461044782919678E-8, -9758.556807535731, 9760.056807535731, 0.0036967617029078103, -9758.553862632025, 3.505, 0.6203544735931313, 0.0, 8.319053219103074, 0.05709459192067399
0.0145, -2838632.0707567767, -0.13122820119497103, 1.0, -0.1312282195865417, 1.839157068044204E-8, -9826.324221791116, 9827.824221791116, 0.004183022680766273, -9826.321597789194, 3.505, 0.6246624907708613, 0.0, 9.115397233699973, 0.05466960822070297
0.0146, -2838632.5070966664, -0.7818179712281014, 1.0, -0.7818179884499538, 1.722185238863311E-8, -9894.091505239769, 9895.591505239769, 0.004569527680052023, -9894.089332946358, 3.505, 0.6289705079485914, 0.0, 9.780909854223058, 0.05289797953884843
0.0147, -2838630.644973959, -1.2756356283223216, 1.0, -1.2756355697516928, -5.857062888222407E-8, -9961.858940328848, 9963.358940328848, 0.005064482054771781, -9961.857068103527, 3.505, 0.6332785251263214, 0.0, 10.710309260053457, 0.050665912228701725
0.0148, -2838635.115141226, -9.419282801427741, 1.0, -9.419282858058157, 5.663041551217192E-8, -10029.62613486769, 10031.12613486769, 0.005565498177237297, -10029.624803260695, 3.505, 0.6375865423040515, 0.0, 11.72747045608165, 0.048528420763053075
0.0149, -2838635.7824048297, -11.124450301474056, 1.0, -11.124450319371894, 1.7897837239356354E-8, -10097.393783391535, 10098.893783391535, 0.00623467545157753, -10097.392538417858, 3.505, 0.6418945594817815, 0.0, 13.249707850504452, 0.0457583158879778
