#Number of particles: 108
#Initial configuration: FCC
#Dry microgel radius [nm]: 50.0
#Box length [units of dry radius]: 46.95447358309446
#Number of monomers: 2916666.666666667
#Number of chains: 291.6666666666669
#Flory interaction parameter (chi): 0.1
#Young's calibration factor: 1.0
#Minimum x-link fraction: 3.0E-5
#Maximum x-link fraction: 1.0E-4
#x-link fraction increment: 1.75E-6
#Reservoir swelling ratio: 5.278110396862029
#Mean swelling ratio: 5.278
#Max Dry volume fraction: 10.0
#Minimum Dry volume fraction: 0.001
#Reservoir volume fraction: 0.6425646742103894
#Actual volume fraction: 0.0
#MC steps: 150000
#Equilibration steps: 50000.0
#Snapshot interval: 100
#Displacement tolerance: 0.1
#Particle radius change tolerance: 0.0
#Particle radius bin width: 0.001
#g(r) bin width: 0.005
#phi0,		   phi,       	   <alpha>,      		zeta, 	 	 	  lindemannParameter, 			x-link, 		kT/E
0.00278, 0.7746958828395951, 6.626, 0.8090315827506269, 0.14961564580975836, 3.175E-5, 0.005399325084364455
0.00283, 0.7666740741175835, 6.556, 0.7976561473908479, 0.14837665934085406, 3.35E-5, 0.005117270788912579
0.00288, 0.7598559843257046, 6.49, 0.7874792224339475, 0.1424748708979937, 3.525E-5, 0.00486322188449848
0.00294, 0.754754793626606, 6.428, 0.781002724001163, 0.1474798164666076, 3.7000000000000005E-5, 0.004633204633204634
0.003, 0.7507112032841166, 6.369, 0.7752950229660113, 0.14431116935264537, 3.875000000000001E-5, 0.004423963133640551
0.00301, 0.736139616756616, 6.314, 0.7576736709769546, 0.1468559558786652, 4.050000000000001E-5, 0.004232804232804231
0.00304, 0.726944297394722, 6.261, 0.7461813337979434, 0.1498768071457566, 4.225000000000001E-5, 0.004057480980557903
0.00316, 0.7376600256465047, 6.21, 0.7571090580486406, 0.13445729656722907, 4.400000000000001E-5, 0.003896103896103895
0.00318, 0.7262653224290165, 6.163, 0.7444071887453751, 0.14682751319003368, 4.5750000000000014E-5, 0.003747072599531614
0.00323, 0.7224333610763476, 6.117, 0.7393966657953096, 0.1439211102297559, 4.7500000000000016E-5, 0.0036090225563909753
0.00324, 0.7106059021071662, 6.073, 0.7258783042945814, 0.14909850281117248, 4.925000000000002E-5, 0.0034807831762146465
0.00329, 0.7075833012200661, 6.031, 0.7219162250831866, 0.14559875830185362, 5.100000000000002E-5, 0.003361344537815124
0.00333, 0.7025855821339502, 5.991000000000001, 0.7161653102559264, 0.14869895642226086, 5.275000000000002E-5, 0.0032498307379823952
0.0034, 0.7035998111201449, 5.952, 0.7171519596794111, 0.1495879066146354, 5.4500000000000024E-5, 0.003145478374836171
0.00344, 0.6993244186812934, 5.915, 0.7120682384605747, 0.14817378092603015, 5.6250000000000026E-5, 0.003047619047619046
0.00347, 0.6936008217724232, 5.879, 0.7053023497585945, 0.14712984413421684, 5.800000000000003E-5, 0.0029556650246305395
0.00351, 0.6899510609123484, 5.845, 0.7009252150595912, 0.1453393972239285, 5.975000000000003E-5, 0.002869097429766884
0.00357, 0.6900087408092036, 5.811, 0.7007666555921778, 0.14536114436773645, 6.150000000000003E-5, 0.002787456445993029
0.00358, 0.6811020542785776, 5.779, 0.691098528751864, 0.14942026130633423, 6.325000000000003E-5, 0.002710333145115753
0.00364, 0.6815368026809957, 5.748, 0.6913653988109446, 0.14980609058201458, 6.500000000000003E-5, 0.002637362637362636
0.0037, 0.6821155213781991, 5.718, 0.6917453389674858, 0.14929884629961826, 6.675000000000004E-5, 0.002568218298555375
0.00373, 0.6775973972170976, 5.688, 0.6867036180001651, 0.148201107052449, 6.850000000000004E-5, 0.002502606882168925
0.00377, 0.6751495482745242, 5.66, 0.6837350131354654, 0.1457695870486375, 7.025000000000004E-5, 0.0024402643619725454
0.00383, 0.675925956406918, 5.632, 0.6845286948111191, 0.14660802811930718, 7.200000000000004E-5, 0.00238095238095238
0.00388, 0.675170233773245, 5.606, 0.6836345073331703, 0.14803109210540236, 7.375000000000004E-5, 0.0023244552058111364
0.00389, 0.6680528610605506, 5.58, 0.6759086429785961, 0.14907497852103999, 7.550000000000005E-5, 0.0022705771050141894
0.00394, 0.6677116451393108, 5.554, 0.6753355891130955, 0.14754626683012162, 7.725000000000005E-5, 0.0022191400832177514
0.00397, 0.6642503869698451, 5.53, 0.6714783683664671, 0.14758760717314368, 7.900000000000005E-5, 0.0021699819168173582
0.004, 0.6608752382901262, 5.506, 0.6678005314744621, 0.14767084468832054, 8.075000000000005E-5, 0.002122954444935868
0.00405, 0.660756543356849, 5.482, 0.6675885393314097, 0.14899662227057228, 8.250000000000005E-5, 0.0020779220779220766
0.0041, 0.6609172858983029, 5.46, 0.6674549423281637, 0.14299132096030984, 8.425000000000006E-5, 0.002034760491733784
0.00415, 0.6609244870123434, 5.438, 0.6673923621272662, 0.14296937910746232, 8.600000000000006E-5, 0.0019933554817275732
0.00418, 0.6578088744783175, 5.416, 0.6642211678808282, 0.14887694037737315, 8.775000000000006E-5, 0.0019536019536019523
0.0042, 0.6536316077570412, 5.395, 0.6596164148497015, 0.14870856464475848, 8.950000000000006E-5, 0.001915403032721467
0.00423, 0.6509072420909707, 5.374000000000001, 0.6567316934563238, 0.14870409149927924, 9.125000000000006E-5, 0.0018786692759295484
0.00429, 0.6527836466037886, 5.354, 0.6585756001431031, 0.1476105338090088, 9.300000000000007E-5, 0.0018433179723502285
0.00433, 0.6515682162640063, 5.334, 0.6573982792007108, 0.14949474462072354, 9.475000000000007E-5, 0.0018092725216735754
0.00437, 0.6508202897539587, 5.315, 0.6563009551789867, 0.1471158987320767, 9.650000000000007E-5, 0.0017764618800888217
