phi0, phi, F_fitted, mu_kT_from_fit, P_from_fit
2.0000000000e-04, 6.8763277371e-02, -4.3469148412e-04, -1.2056505823e+01, -2.9523486687e+00
2.1105527638e-04, 7.2564479999e-02, -4.6620286668e-04, -1.1823340314e+01, -2.5706647365e+00
2.2211055276e-04, 7.6365682627e-02, -4.9710538751e-04, -1.1595102038e+01, -2.2201752189e+00
2.3316582915e-04, 8.0166885255e-02, -5.2741193746e-04, -1.1371705085e+01, -1.8968263450e+00
2.4422110553e-04, 8.3968087883e-02, -5.5713518064e-04, -1.1153063547e+01, -1.5972866930e+00
2.5527638191e-04, 8.7769290511e-02, -5.8628755441e-04, -1.0939091514e+01, -1.3187907766e+00
2.6633165829e-04, 9.1570493139e-02, -6.1488126942e-04, -1.0729703078e+01, -1.0590215865e+00
2.7738693467e-04, 9.5371695767e-02, -6.4292830958e-04, -1.0524812330e+01, -8.1602121990e-01
2.8844221106e-04, 9.9172898395e-02, -6.7044043205e-04, -1.0324333362e+01, -5.8812206241e-01
2.9949748744e-04, 1.0297410102e-01, -6.9742916726e-04, -1.0128180265e+01, -3.7389321111e-01
3.1055276382e-04, 1.0677375768e-01, -7.2390581891e-04, -9.9362671294e+00, -1.7209834155e-01
3.2160804020e-04, 1.1057334073e-01, -7.4988146397e-04, -9.7485080470e+00, 1.8337735456e-02
3.3266331658e-04, 1.1437292377e-01, -7.7536695267e-04, -9.5648171091e+00, 1.9835584856e-01
3.4371859296e-04, 1.1817250681e-01, -8.0037290850e-04, -9.3851084069e+00, 3.6878407357e-01
3.5477386935e-04, 1.2197208986e-01, -8.2490972823e-04, -9.2092960316e+00, 5.3035530118e-01
3.6582914573e-04, 1.2577167290e-01, -8.4898758186e-04, -9.0372940745e+00, 6.8372161934e-01
3.7688442211e-04, 1.2957125594e-01, -8.7261641270e-04, -8.8690166268e+00, 8.2946616429e-01
3.8793969849e-04, 1.3337083898e-01, -8.9580593730e-04, -8.7043777797e+00, 9.6811294535e-01
3.9899497487e-04, 1.3717042203e-01, -9.1856564548e-04, -8.5432916246e+00, 1.1001350363e+00
4.1005025126e-04, 1.4097135172e-01, -9.4090480032e-04, -8.3856722526e+00, 1.2259614415e+00
4.2110552764e-04, 1.4477241607e-01, -9.6283243817e-04, -8.2314337549e+00, 1.3459828810e+00
4.3216080402e-04, 1.4857348043e-01, -9.8435736865e-04, -8.0804902229e+00, 1.4605566871e+00
4.4321608040e-04, 1.5237454479e-01, -1.0054881746e-03, -7.9327557478e+00, 1.5700109685e+00
4.5427135678e-04, 1.5617560914e-01, -1.0262332123e-03, -7.7881444209e+00, 1.6746481661e+00
4.6532663317e-04, 1.5997667350e-01, -1.0466006110e-03, -7.6465703332e+00, 1.7747481024e+00
4.7638190955e-04, 1.6377773785e-01, -1.0665982734e-03, -7.5079475762e+00, 1.8705706056e+00
4.8743718593e-04, 1.6757880221e-01, -1.0862338755e-03, -7.3721902411e+00, 1.9623577773e+00
4.9849246231e-04, 1.7137986656e-01, -1.1055148666e-03, -7.2392124191e+00, 2.0503359580e+00
5.0954773869e-04, 1.7517900818e-01, -1.1244484689e-03, -7.1089282014e+00, 2.1347174371e+00
5.2060301508e-04, 1.7897784621e-01, -1.1430416784e-03, -6.9812516793e+00, 2.2157019443e+00
5.3165829146e-04, 1.8277668423e-01, -1.1613012639e-03, -6.8560969440e+00, 2.2934779561e+00
5.4271356784e-04, 1.8657552226e-01, -1.1792337678e-03, -6.7333780868e+00, 2.3682238416e+00
5.5376884422e-04, 1.9037436029e-01, -1.1968455056e-03, -6.6130091990e+00, 2.4401088712e+00
5.6482412060e-04, 1.9417319831e-01, -1.2141425660e-03, -6.4949043717e+00, 2.5092941074e+00
5.7587939698e-04, 1.9797203634e-01, -1.2311308112e-03, -6.3789776962e+00, 2.5759331927e+00
5.8693467337e-04, 2.0177087437e-01, -1.2478158765e-03, -6.2651432638e+00, 2.6401730481e+00
5.9798994975e-04, 2.0556971240e-01, -1.2642031704e-03, -6.1533151657e+00, 2.7021544944e+00
6.0904522613e-04, 2.0936999993e-01, -1.2802978748e-03, -6.0434074931e+00, 2.7620128061e+00
6.2010050251e-04, 2.1317060957e-01, -1.2961049449e-03, -5.9353343374e+00, 2.8198782058e+00
6.3115577889e-04, 2.1697121921e-01, -1.3116291090e-03, -5.8290097897e+00, 2.8758763064e+00
6.4221105528e-04, 2.2077182886e-01, -1.3268748688e-03, -5.7243479412e+00, 2.9301285081e+00
6.5326633166e-04, 2.2457243850e-01, -1.3418464991e-03, -5.6212628833e+00, 2.9827523546e+00
6.6432160804e-04, 2.2837304814e-01, -1.3565480483e-03, -5.5196687072e+00, 3.0338618542e+00
6.7537688442e-04, 2.3217365779e-01, -1.3709833376e-03, -5.4194795040e+00, 3.0835677694e+00
6.8643216080e-04, 2.3597426743e-01, -1.3851559619e-03, -5.3206093652e+00, 3.1319778775e+00
6.9748743719e-04, 2.3977487708e-01, -1.3990692891e-03, -5.2229723818e+00, 3.1791972080e+00
7.0854271357e-04, 2.4357391032e-01, -1.4127264604e-03, -5.1264826452e+00, 3.2253282565e+00
7.1959798995e-04, 2.4737247991e-01, -1.4261303904e-03, -5.0310542466e+00, 3.2704711795e+00
7.3065326633e-04, 2.5117104950e-01, -1.4392837668e-03, -4.9366012772e+00, 3.3147239713e+00
7.4170854271e-04, 2.5496961910e-01, -1.4521890507e-03, -4.8430378283e+00, 3.3581826253e+00
7.5276381910e-04, 2.5876818869e-01, -1.4648484764e-03, -4.7502779912e+00, 3.4009412805e+00
7.6381909548e-04, 2.6256675828e-01, -1.4772640513e-03, -4.6582358570e+00, 3.4430923564e+00
7.7487437186e-04, 2.6636532788e-01, -1.4894375565e-03, -4.5668255170e+00, 3.4847266749e+00
7.8592964824e-04, 2.7016389747e-01, -1.5013705459e-03, -4.4759610625e+00, 3.5259335732e+00
7.9698492462e-04, 2.7396246707e-01, -1.5130643469e-03, -4.3855565847e+00, 3.5668010066e+00
8.0804020101e-04, 2.7776203647e-01, -1.5245200602e-03, -4.2955261749e+00, 3.6074156430e+00
8.1909547739e-04, 2.8156198079e-01, -1.5357385596e-03, -4.2057839243e+00, 3.6478629498e+00
8.3015075377e-04, 2.8536192512e-01, -1.5467204923e-03, -4.1162439241e+00, 3.6882272739e+00
8.4120603015e-04, 2.8916186945e-01, -1.5574662788e-03, -4.0268202655e+00, 3.7285919152e+00
8.5226130653e-04, 2.9296181378e-01, -1.5679761126e-03, -3.9374270400e+00, 3.7690391946e+00
8.6331658291e-04, 2.9676175811e-01, -1.5782499608e-03, -3.8479783385e+00, 3.8096505168e+00
8.7437185930e-04, 3.0056170244e-01, -1.5882875636e-03, -3.7583882526e+00, 3.8505064278e+00
8.8542713568e-04, 3.0436164677e-01, -1.5980884345e-03, -3.6685708732e+00, 3.8916866692e+00
8.9648241206e-04, 3.0816159109e-01, -1.6076518602e-03, -3.5784402918e+00, 3.9332702270e+00
9.0753768844e-04, 3.1196036160e-01, -1.6169769007e-03, -3.4879105996e+00, 3.9753353782e+00
9.1859296482e-04, 3.1575858433e-01, -1.6260623893e-03, -3.3968958877e+00, 4.0179597332e+00
9.2964824121e-04, 3.1955680706e-01, -1.6349069325e-03, -3.3053102475e+00, 4.0612202758e+00
9.4070351759e-04, 3.2335502979e-01, -1.6435089102e-03, -3.2130677702e+00, 4.1051933993e+00
9.5175879397e-04, 3.2715325252e-01, -1.6518664755e-03, -3.1200825470e+00, 4.1499549415e+00
9.6281407035e-04, 3.3095147524e-01, -1.6599775546e-03, -3.0262686691e+00, 4.1955802163e+00
9.7386934673e-04, 3.3474969797e-01, -1.6678398472e-03, -2.9315402279e+00, 4.2421440433e+00
9.8492462312e-04, 3.3854792070e-01, -1.6754508261e-03, -2.8358113146e+00, 4.2897207760e+00
9.9597989950e-04, 3.4234614343e-01, -1.6828077375e-03, -2.7389960204e+00, 4.3383843271e+00
1.0070351759e-03, 3.4614313608e-01, -1.6899076007e-03, -2.6410084365e+00, 4.3882081931e+00
1.0180904523e-03, 3.4993942585e-01, -1.6967472085e-03, -2.5417626543e+00, 4.4392654766e+00
1.0291457286e-03, 3.5373571561e-01, -1.7033231268e-03, -2.4411727648e+00, 4.4916289079e+00
1.0402010050e-03, 3.5753200537e-01, -1.7096316947e-03, -2.3391528595e+00, 4.5453708642e+00
1.0512562814e-03, 3.6132829513e-01, -1.7156690247e-03, -2.2356170295e+00, 4.6005633886e+00
1.0623115578e-03, 3.6512458489e-01, -1.7214310026e-03, -2.1304793661e+00, 4.6572782075e+00
1.0733668342e-03, 3.6892087465e-01, -1.7269132873e-03, -2.0236539605e+00, 4.7155867465e+00
1.0844221106e-03, 3.7271716441e-01, -1.7321113111e-03, -1.9150549040e+00, 4.7755601461e+00
1.0954773869e-03, 3.7651345417e-01, -1.7370202795e-03, -1.8045962878e+00, 4.8372692760e+00
1.1065326633e-03, 3.8031161051e-01, -1.7416351713e-03, -1.6921922031e+00, 4.9007847487e+00
1.1175879397e-03, 3.8411105910e-01, -1.7459507385e-03, -1.5777567413e+00, 4.9661769320e+00
1.1286432161e-03, 3.8791050769e-01, -1.7499615065e-03, -1.4612039935e+00, 5.0335159610e+00
1.1396984925e-03, 3.9170995627e-01, -1.7536617738e-03, -1.3424480510e+00, 5.1028717498e+00
1.1507537688e-03, 3.9550940486e-01, -1.7570456122e-03, -1.2214030050e+00, 5.1743140017e+00
1.1618090452e-03, 3.9930885345e-01, -1.7601068670e-03, -1.0979829468e+00, 5.2479122192e+00
1.1728643216e-03, 4.0310830203e-01, -1.7628391564e-03, -9.7210196764e-01, 5.3237357137e+00
1.1839195980e-03, 4.0690775062e-01, -1.7652358722e-03, -8.4367415874e-01, 5.4018536144e+00
1.1949748744e-03, 4.1070719921e-01, -1.7672901791e-03, -7.1261361135e-01, 5.4823348766e+00
1.2060301508e-03, 4.1450438130e-01, -1.7689950154e-03, -5.7883441673e-01, 5.5652482898e+00
1.2170854271e-03, 4.1829967464e-01, -1.7703430925e-03, -4.4225066611e-01, 5.6506624850e+00
1.2281407035e-03, 4.2209496798e-01, -1.7713268951e-03, -3.0277645073e-01, 5.7386459422e+00
1.2391959799e-03, 4.2589026132e-01, -1.7719386813e-03, -1.6032586186e-01, 5.8292669967e+00
1.2502512563e-03, 4.2968555467e-01, -1.7721704821e-03, -1.4812990714e-02, 5.9225938459e+00
1.2613065327e-03, 4.3348084801e-01, -1.7720141021e-03, 1.3384807145e-01, 6.0186945551e+00
1.2723618090e-03, 4.3727614135e-01, -1.7714611191e-03, 2.8574323338e-01, 6.1176370634e+00
1.2834170854e-03, 4.4107143470e-01, -1.7705028840e-03, 4.4095840384e-01, 6.2194891889e+00
1.2944723618e-03, 4.4486672804e-01, -1.7691305213e-03, 5.9957949158e-01, 6.3243186341e+00
1.3055276382e-03, 4.4866385325e-01, -1.7673349284e-03, 7.6169240536e-01, 6.4321929907e+00
1.3165829146e-03, 4.5246281033e-01, -1.7651067761e-03, 9.2738305394e-01, 6.5431797442e+00
1.3276381910e-03, 4.5626176741e-01, -1.7624365086e-03, 1.0967373461e+00, 6.6573462785e+00
1.3386934673e-03, 4.6006072449e-01, -1.7593143432e-03, 1.2698411905e+00, 6.7747598799e+00
1.3497487437e-03, 4.6385968156e-01, -1.7557302704e-03, 1.4467804960e+00, 6.8954877411e+00
1.3608040201e-03, 4.6765863864e-01, -1.7516740543e-03, 1.6276411713e+00, 7.0195969653e+00
1.3718592965e-03, 4.7145759572e-01, -1.7471352319e-03, 1.8125091252e+00, 7.1471545692e+00
1.3829145729e-03, 4.7525655280e-01, -1.7421031137e-03, 2.0014702664e+00, 7.2782274873e+00
1.3939698492e-03, 4.7905550988e-01, -1.7365667832e-03, 2.1946105037e+00, 7.4128825743e+00
1.4050251256e-03, 4.8285140424e-01, -1.7305150976e-03, 2.3920157458e+00, 7.5511866088e+00
1.4160804020e-03, 4.8664362333e-01, -1.7239366869e-03, 2.5937719015e+00, 7.6932062962e+00
1.4271356784e-03, 4.9043584242e-01, -1.7168199546e-03, 2.7999648796e+00, 7.8390082713e+00
1.4381909548e-03, 4.9422806151e-01, -1.7091530776e-03, 3.0106805888e+00, 7.9886591013e+00
1.4492462312e-03, 4.9802028060e-01, -1.7009240057e-03, 3.2260049378e+00, 8.1422252880e+00
1.4603015075e-03, 5.0181249969e-01, -1.6921204622e-03, 3.4460238354e+00, 8.2997732707e+00
1.4713567839e-03, 5.0560471878e-01, -1.6827299438e-03, 3.6708231904e+00, 8.4613694283e+00
1.4824120603e-03, 5.0939693787e-01, -1.6727397201e-03, 3.9004889116e+00, 8.6270800817e+00
1.4934673367e-03, 5.1318915696e-01, -1.6621368343e-03, 4.1351069076e+00, 8.7969714957e+00
1.5045226131e-03, 5.1698199516e-01, -1.6509081026e-03, 4.3747630872e+00, 8.9711098812e+00
1.5155778894e-03, 5.2077572764e-01, -1.6390401147e-03, 4.6195433593e+00, 9.1495613975e+00
1.5266331658e-03, 5.2456946011e-01, -1.6265192333e-03, 4.8695336325e+00, 9.3323921535e+00
1.5376884422e-03, 5.2836319258e-01, -1.6133315948e-03, 5.1248198156e+00, 9.5196682099e+00
1.5487437186e-03, 5.3215692505e-01, -1.5994631083e-03, 5.3854878173e+00, 9.7114555812e+00
1.5597989950e-03, 5.3595065752e-01, -1.5848994567e-03, 5.6516235465e+00, 9.9078202366e+00
1.5708542714e-03, 5.3974439000e-01, -1.5696260957e-03, 5.9233129118e+00, 1.0108828102e+01
1.5819095477e-03, 5.4353812247e-01, -1.5536282546e-03, 6.2006418221e+00, 1.0314545063e+01
1.5929648241e-03, 5.4733185494e-01, -1.5368909358e-03, 6.4836961860e+00, 1.0525036962e+01
1.6040201005e-03, 5.5112264990e-01, -1.5193989151e-03, 6.7725619123e+00, 1.0740369604e+01
1.6150753769e-03, 5.5490830421e-01, -1.5011367414e-03, 7.0673249099e+00, 1.0960608758e+01
1.6261306533e-03, 5.5869395852e-01, -1.4820887369e-03, 7.3680710874e+00, 1.1185820154e+01
1.6371859296e-03, 5.6247961284e-01, -1.4622389972e-03, 7.6748863536e+00, 1.1416069488e+01
1.6482412060e-03, 5.6626526715e-01, -1.4415713911e-03, 7.9878566173e+00, 1.1651422423e+01
1.6592964824e-03, 5.7005092146e-01, -1.4200695605e-03, 8.3070677871e+00, 1.1891944588e+01
1.6703517588e-03, 5.7383657578e-01, -1.3977169208e-03, 8.6326057719e+00, 1.2137701580e+01
1.6814070352e-03, 5.7762223009e-01, -1.3744966605e-03, 8.9645564805e+00, 1.2388758966e+01
1.6924623116e-03, 5.8140788440e-01, -1.3503917416e-03, 9.3030058215e+00, 1.2645182283e+01
1.7035175879e-03, 5.8519443401e-01, -1.3253848990e-03, 9.6480397038e+00, 1.2907037041e+01
1.7145728643e-03, 5.8898290208e-01, -1.2994586412e-03, 9.9997440360e+00, 1.3174388719e+01
1.7256281407e-03, 5.9277137016e-01, -1.2725952497e-03, 1.0358204727e+01, 1.3447302772e+01
1.7366834171e-03, 5.9655983824e-01, -1.2447767795e-03, 1.0723507686e+01, 1.3725844628e+01
1.7477386935e-03, 6.0034830632e-01, -1.2159850587e-03, 1.1095738820e+01, 1.4010079689e+01
1.7587939698e-03, 6.0413677439e-01, -1.1862016888e-03, 1.1474984040e+01, 1.4300073334e+01
1.7698492462e-03, 6.0792524247e-01, -1.1554080444e-03, 1.1861329254e+01, 1.4595890917e+01
1.7809045226e-03, 6.1171371055e-01, -1.1235852735e-03, 1.2254860370e+01, 1.4897597770e+01
1.7919597990e-03, 6.1550217863e-01, -1.0907142973e-03, 1.2655663297e+01, 1.5205259202e+01
1.8030150754e-03, 6.1928998345e-01, -1.0567758103e-03, 1.3063823944e+01, 1.5518940501e+01
1.8140703518e-03, 6.2307601958e-01, -1.0217502803e-03, 1.3479428220e+01, 1.5838706934e+01
1.8251256281e-03, 6.2686205571e-01, -9.8561794817e-04, 1.3902562034e+01, 1.6164623748e+01
1.8361809045e-03, 6.3064809185e-01, -9.4835882832e-04, 1.4333311294e+01, 1.6496756171e+01
1.8472361809e-03, 6.3443412798e-01, -9.0995270825e-04, 1.4771761909e+01, 1.6835169410e+01
1.8582914573e-03, 6.3822016411e-01, -8.7037914876e-04, 1.5217999788e+01, 1.7179928655e+01
1.8693467337e-03, 6.4200620024e-01, -8.2961748395e-04, 1.5672110839e+01, 1.7531099077e+01
1.8804020101e-03, 6.4579223638e-01, -7.8764682114e-04, 1.6134180972e+01, 1.7888745832e+01
1.8914572864e-03, 6.4957827251e-01, -7.4444604094e-04, 1.6604296095e+01, 1.8252934056e+01
1.9025125628e-03, 6.5336226717e-01, -6.9999379722e-04, 1.7082542116e+01, 1.8623728870e+01
1.9135678392e-03, 6.5713932084e-01, -6.5426851711e-04, 1.7569004945e+01, 1.9001195380e+01
1.9246231156e-03, 6.6091637451e-01, -6.0724840102e-04, 1.8063770491e+01, 1.9385398676e+01
1.9356783920e-03, 6.6469342818e-01, -5.5891142261e-04, 1.8566924662e+01, 1.9776403830e+01
1.9467336683e-03, 6.6847048185e-01, -5.0923532881e-04, 1.9078553366e+01, 2.0174275905e+01
1.9577889447e-03, 6.7224753552e-01, -4.5819763981e-04, 1.9598742513e+01, 2.0579079945e+01
1.9688442211e-03, 6.7602458919e-01, -4.0577564908e-04, 2.0127578012e+01, 2.0990880982e+01
1.9798994975e-03, 6.7980164286e-01, -3.5194642333e-04, 2.0665145770e+01, 2.1409744035e+01
1.9909547739e-03, 6.8357869653e-01, -2.9668680257e-04, 2.1211531698e+01, 2.1835734110e+01
2.0020100503e-03, 6.8736025375e-01, -2.3997340005e-04, 2.1766821703e+01, 2.2268916199e+01
2.0130653266e-03, 6.9116207694e-01, -1.8178260228e-04, 2.2331101694e+01, 2.2709355283e+01
2.0241206030e-03, 6.9496390013e-01, -1.2209056905e-04, 2.2904457581e+01, 2.3157116330e+01
2.0351758794e-03, 6.9876572332e-01, -6.0873233414e-05, 2.3486975271e+01, 2.3612264297e+01
2.0462311558e-03, 7.0256754652e-01, 1.8936983124e-06, 2.4078740674e+01, 2.4074864130e+01
2.0572864322e-03, 7.0636936971e-01, 6.6234746549e-05, 2.4679839699e+01, 2.4544980764e+01
2.0683417085e-03, 7.1017119290e-01, 1.3217465845e-04, 2.5290358254e+01, 2.5022679121e+01
2.0793969849e-03, 7.1397301609e-01, 1.9973840791e-04, 2.5910382247e+01, 2.5508024115e+01
2.0904522613e-03, 7.1777483929e-01, 2.6895119554e-04, 2.6539997588e+01, 2.6001080650e+01
2.1015075377e-03, 7.2157386411e-01, 3.3983844871e-04, 2.7179290186e+01, 2.6501913617e+01
2.1125628141e-03, 7.2535516595e-01, 4.1242582151e-04, 2.7828345949e+01, 2.7010587902e+01
2.1236180905e-03, 7.2913646779e-01, 4.8673919477e-04, 2.8487250786e+01, 2.7527168377e+01
2.1346733668e-03, 7.3291776963e-01, 5.6280467606e-04, 2.9156090605e+01, 2.8051719908e+01
2.1457286432e-03, 7.3669907147e-01, 6.4064859966e-04, 2.9834951316e+01, 2.8584307351e+01
2.1567839196e-03, 7.4048037331e-01, 7.2029752662e-04, 3.0523918827e+01, 2.9124995552e+01
2.1678391960e-03, 7.4426167515e-01, 8.0177824471e-04, 3.1223079047e+01, 2.9673849352e+01
2.1788944724e-03, 7.4804297699e-01, 8.8511776842e-04, 3.1932517885e+01, 3.0230933579e+01
2.1899497487e-03, 7.5182427882e-01, 9.7034333899e-04, 3.2652321250e+01, 3.0796313058e+01
2.2010050251e-03, 7.5560370211e-01, 1.0574824244e-03, 3.3382575049e+01, 3.1370052601e+01
2.2120603015e-03, 7.5936433983e-01, 1.1465627194e-03, 3.4123365193e+01, 3.1952217017e+01
2.2231155779e-03, 7.6312497755e-01, 1.2376121453e-03, 3.4874777589e+01, 3.2542871104e+01
2.2341708543e-03, 7.6688561527e-01, 1.3306588504e-03, 3.5636898147e+01, 3.3142079656e+01
2.2452261307e-03, 7.7064625299e-01, 1.4257312096e-03, 3.6409812775e+01, 3.3749907456e+01
2.2562814070e-03, 7.7440689071e-01, 1.5228578246e-03, 3.7193607381e+01, 3.4366419284e+01
2.2673366834e-03, 7.7816752843e-01, 1.6220675236e-03, 3.7988367876e+01, 3.4991679910e+01
2.2783919598e-03, 7.8192816615e-01, 1.7233893619e-03, 3.8794180167e+01, 3.5625754100e+01
2.2894472362e-03, 7.8568880387e-01, 1.8268526212e-03, 3.9611130164e+01, 3.6268706611e+01
2.3005025126e-03, 7.8944862798e-01, 1.9324868102e-03, 4.0439303774e+01, 3.6920602196e+01
2.3115577889e-03, 7.9319136634e-01, 2.0403216643e-03, 4.1278786908e+01, 3.7581505601e+01
2.3226130653e-03, 7.9693410469e-01, 2.1503871453e-03, 4.2129665473e+01, 3.8251481566e+01
2.3336683417e-03, 8.0067684304e-01, 2.2627134422e-03, 4.2992025378e+01, 3.8930594825e+01
2.3447236181e-03, 8.0441958140e-01, 2.3773309705e-03, 4.3865952532e+01, 3.9618910106e+01
2.3557788945e-03, 8.0816231975e-01, 2.4942703724e-03, 4.4751532844e+01, 4.0316492132e+01
2.3668341709e-03, 8.1190505811e-01, 2.6135625169e-03, 4.5648852222e+01, 4.1023405621e+01
2.3778894472e-03, 8.1564779646e-01, 2.7352384998e-03, 4.6557996576e+01, 4.1739715285e+01
2.3889447236e-03, 8.1939053481e-01, 2.8593296435e-03, 4.7479051814e+01, 4.2465485830e+01
2.4000000000e-03, 8.2313327317e-01, 2.9858674973e-03, 4.8412103845e+01, 4.3200781959e+01
