phi0, phi, F_fitted, mu_kT_from_fit, P_from_fit
2.2000000000e-03, 7.5526119821e-01, -1.0266503322e-02, -5.7722608597e+02, -5.5767870933e+02
2.2029145729e-03, 7.5624839759e-01, -1.0645420139e-02, -5.1245157478e+02, -4.9220955898e+02
2.2058291457e-03, 7.5723559697e-01, -1.0980357401e-02, -4.5079593927e+02, -4.2994463552e+02
2.2087437186e-03, 7.5822279635e-01, -1.1273451393e-02, -3.9216235723e+02, -3.7078272754e+02
2.2116582915e-03, 7.5921385266e-01, -1.1526771769e-02, -3.3645582376e+02, -3.1462459028e+02
2.2145728643e-03, 7.6020783090e-01, -1.1742322605e-02, -2.8358313363e+02, -2.6137292480e+02
2.2174874372e-03, 7.6120180914e-01, -1.1922043805e-02, -2.3345286659e+02, -2.1093236003e+02
2.2204020101e-03, 7.6219450724e-01, -1.2067812282e-02, -1.8597536994e+02, -1.6320943217e+02
2.2233165829e-03, 7.6317920451e-01, -1.2181443127e-02, -1.4106274309e+02, -1.1811256586e+02
2.2262311558e-03, 7.6416390178e-01, -1.2264690927e-02, -9.8628820405e+01, -7.5552053603e+01
2.2291457286e-03, 7.6514859906e-01, -1.2319250874e-02, -5.8589155670e+01, -3.5440037747e+01
2.2320603015e-03, 7.6614291919e-01, -1.2346760061e-02, -2.0861005145e+01, 2.3095101858e+00
2.2349748744e-03, 7.6714122930e-01, -1.2348798488e-02, 1.4636688067e+01, 3.7780807813e+01
2.2378894472e-03, 7.6813953940e-01, -1.2326890436e-02, 4.7983310530e+01, 7.1056281362e+01
2.2408040201e-03, 7.6914028037e-01, -1.2282505498e-02, 7.9256595047e+01, 1.0221658542e+02
2.2437185930e-03, 7.7014740238e-01, -1.2217059701e-02, 1.0853263683e+02, 1.3134062186e+02
2.2466331658e-03, 7.7115452439e-01, -1.2131916762e-02, 1.3588590953e+02, 1.5850555869e+02
2.2495477387e-03, 7.7216164639e-01, -1.2028389088e-02, 1.6138928183e+02, 1.8378684977e+02
2.2524623116e-03, 7.7315534884e-01, -1.1907738969e-02, 1.8511403367e+02, 2.0725825340e+02
2.2553768844e-03, 7.7414658648e-01, -1.1771179627e-02, 2.0712987222e+02, 2.2899185116e+02
2.2582914573e-03, 7.7513782412e-01, -1.1619876323e-02, 2.2750494862e+02, 2.4905806743e+02
2.2612060302e-03, 7.7612450324e-01, -1.1454947462e-02, 2.4630587403e+02, 2.6752568817e+02
2.2641206030e-03, 7.7710472448e-01, -1.1277465584e-02, 2.6359773572e+02, 2.8446187929e+02
2.2670351759e-03, 7.7808494572e-01, -1.1088458493e-02, 2.7944411420e+02, 2.9993220668e+02
2.2699497487e-03, 7.7906516697e-01, -1.0888910315e-02, 2.9390709822e+02, 3.1400065352e+02
2.2728643216e-03, 7.8007322150e-01, -1.0679762416e-02, 3.0704730221e+02, 3.2672964036e+02
2.2757788945e-03, 7.8108176433e-01, -1.0461914503e-02, 3.1892388203e+02, 3.3818004311e+02
2.2786934673e-03, 7.8209030717e-01, -1.0236225676e-02, 3.2959455093e+02, 3.4841121170e+02
2.2816080402e-03, 7.8308497889e-01, -1.0003515370e-02, 3.3911559711e+02, 3.5748098957e+02
2.2845226131e-03, 7.8406838032e-01, -9.7645642691e-03, 3.4754189808e+02, 3.6544573105e+02
2.2874371859e-03, 7.8505178175e-01, -9.5201154445e-03, 3.5492693849e+02, 3.7236032052e+02
2.2903517588e-03, 7.8603466515e-01, -9.2708752072e-03, 3.6132282626e+02, 3.7827819183e+02
2.2932663317e-03, 7.8701377428e-01, -9.0175140613e-03, 3.6678030808e+02, 3.8325134505e+02
2.2961809045e-03, 7.8799288341e-01, -8.7606676962e-03, 3.7134878640e+02, 3.8733036647e+02
2.2990954774e-03, 7.8897199254e-01, -8.5009378754e-03, 3.7507633525e+02, 3.9056444595e+02
2.3020100503e-03, 7.8996957997e-01, -8.2388933934e-03, 3.7800971703e+02, 3.9300139610e+02
2.3049246231e-03, 7.9097548264e-01, -7.9750709137e-03, 3.8019439832e+02, 3.9468767009e+02
2.3078391960e-03, 7.9198138532e-01, -7.7099759610e-03, 3.8167456669e+02, 3.9566838041e+02
2.3107537688e-03, 7.9298296786e-01, -7.4440837216e-03, 3.8249314609e+02, 3.9598731637e+02
2.3136683417e-03, 7.9397216602e-01, -7.1778399615e-03, 3.8269181442e+02, 3.9568696385e+02
2.3165829146e-03, 7.9496136419e-01, -6.9116618715e-03, 3.8231101839e+02, 3.9480852119e+02
2.3194974874e-03, 7.9595056236e-01, -6.6459389336e-03, 3.8138999119e+02, 3.9339192014e+02
2.3224120603e-03, 7.9694521963e-01, -6.3810337215e-03, 3.7996676774e+02, 3.9147584142e+02
2.3253266332e-03, 7.9794101422e-01, -6.1172828036e-03, 3.7807820129e+02, 3.8909773459e+02
2.3282412060e-03, 7.9893680882e-01, -5.8549974601e-03, 3.7575998032e+02, 3.8629383562e+02
2.3311557789e-03, 7.9993682053e-01, -5.5944645783e-03, 3.7304664375e+02, 3.8309918445e+02
2.3340703518e-03, 8.0094324961e-01, -5.3359473795e-03, 3.6997159813e+02, 3.7954764378e+02
2.3369849246e-03, 8.0194967869e-01, -5.0796862579e-03, 3.6656713309e+02, 3.7567191583e+02
2.3398994975e-03, 8.0295610777e-01, -4.8258995175e-03, 3.6286443862e+02, 3.7150356206e+02
2.3428140704e-03, 8.0392271195e-01, -4.5747840959e-03, 3.5889362056e+02, 3.6707301947e+02
2.3457286432e-03, 8.0488789382e-01, -4.3265164322e-03, 3.5468371711e+02, 3.6240961912e+02
2.3486432161e-03, 8.0585307569e-01, -4.0812530515e-03, 3.5026271567e+02, 3.5754160449e+02
2.3515577889e-03, 8.0683405508e-01, -3.8391314220e-03, 3.4565756784e+02, 3.5249614781e+02
2.3544723618e-03, 8.0782879361e-01, -3.6002705829e-03, 3.4089420720e+02, 3.4729936969e+02
2.3573869347e-03, 8.0882353214e-01, -3.3647718828e-03, 3.3599756488e+02, 3.4197635578e+02
2.3603015075e-03, 8.0981645842e-01, -3.1327196939e-03, 3.3099158524e+02, 3.3655117392e+02
2.3632160804e-03, 8.1079367849e-01, -2.9041820226e-03, 3.2589924343e+02, 3.3104689344e+02
2.3661306533e-03, 8.1177089856e-01, -2.6792112503e-03, 3.2074256062e+02, 3.2548560131e+02
2.3690452261e-03, 8.1274811862e-01, -2.4578447683e-03, 3.1554262101e+02, 3.1988842073e+02
2.3719597990e-03, 8.1373585083e-01, -2.2401055830e-03, 3.1031958786e+02, 3.1427552858e+02
2.3748743719e-03, 8.1472870434e-01, -2.0260030360e-03, 3.0509271941e+02, 3.0866617228e+02
2.3777889447e-03, 8.1572155785e-01, -1.8155333391e-03, 2.9988038558e+02, 3.0307868808e+02
2.3807035176e-03, 8.1671249005e-01, -1.6086802489e-03, 2.9470008443e+02, 2.9753051836e+02
2.3836180905e-03, 8.1769738385e-01, -1.4054156227e-03, 2.8956845802e+02, 2.9203822917e+02
2.3865326633e-03, 8.1868227765e-01, -1.2057000740e-03, 2.8450130871e+02, 2.8661752729e+02
2.3894472362e-03, 8.1966717145e-01, -1.0094834579e-03, 2.7951361593e+02, 2.8128327809e+02
2.3923618090e-03, 8.2064909399e-01, -8.1670551572e-04, 2.7461955187e+02, 2.7604952293e+02
2.3952763819e-03, 8.2163032113e-01, -6.2729640922e-04, 2.6983249814e+02, 2.7092949600e+02
2.3981909548e-03, 8.2261154827e-01, -4.4117723155e-04, 2.6516506205e+02, 2.6593564241e+02
2.4011055276e-03, 8.2358951609e-01, -2.5826059664e-04, 2.6062909266e+02, 2.6107963492e+02
2.4040201005e-03, 8.2456215051e-01, -7.8451145782e-05, 2.5623569741e+02, 2.5637239152e+02
2.4069346734e-03, 8.2553478493e-01, 9.8354012152e-05, 2.5199525797e+02, 2.5182409241e+02
2.4098492462e-03, 8.2650741934e-01, 2.7226470593e-04, 2.4791744712e+02, 2.4744419771e+02
2.4127638191e-03, 8.2749631164e-01, 4.4339723627e-04, 2.4401124419e+02, 2.4324146394e+02
2.4156783920e-03, 8.2848609074e-01, 6.1187396204e-04, 2.4028495231e+02, 2.3922396189e+02
2.4185929648e-03, 8.2947586984e-01, 7.7782273183e-04, 2.3674621402e+02, 2.3539909347e+02
2.4215075377e-03, 8.3046409987e-01, 9.4137655014e-04, 2.3340202761e+02, 2.3177360864e+02
2.4244221106e-03, 8.3145088410e-01, 1.1026730117e-03, 2.3025876409e+02, 2.2835362307e+02
2.4273366834e-03, 8.3243766833e-01, 1.2618539740e-03, 2.2732218270e+02, 2.2514463493e+02
2.4302512563e-03, 8.3342334061e-01, 1.4190650754e-03, 2.2459744752e+02, 2.2215154163e+02
2.4331658291e-03, 8.3439722611e-01, 1.5744553330e-03, 2.2208914313e+02, 2.1937865662e+02
2.4360804020e-03, 8.3537111162e-01, 1.7281767987e-03, 2.1980129236e+02, 2.1682972792e+02
2.4389949749e-03, 8.3634499713e-01, 1.8803840794e-03, 2.1773737115e+02, 2.1450795312e+02
2.4419095477e-03, 8.3732740195e-01, 2.0312340712e-03, 2.1590032542e+02, 2.1241599760e+02
2.4448241206e-03, 8.3831429060e-01, 2.1808854635e-03, 2.1429258772e+02, 2.1055601152e+02
2.4477386935e-03, 8.3930117926e-01, 2.3294985440e-03, 2.1291609231e+02, 2.0892964527e+02
2.4506532663e-03, 8.4028534919e-01, 2.4772347624e-03, 2.1177229298e+02, 2.0753806828e+02
2.4535678392e-03, 8.4126010812e-01, 2.6242563654e-03, 2.1086217874e+02, 2.0638198497e+02
2.4564824121e-03, 8.4223486705e-01, 2.7707261697e-03, 2.1018628911e+02, 2.0546165090e+02
2.4593969849e-03, 8.4320962598e-01, 2.9168072269e-03, 2.0974473184e+02, 2.0477689068e+02
2.4623115578e-03, 8.4416623316e-01, 3.0626624912e-03, 2.0953719865e+02, 2.0432711443e+02
2.4652261307e-03, 8.4511810511e-01, 3.2084545601e-03, 2.0956298184e+02, 2.0411133469e+02
2.4681407035e-03, 8.4606997706e-01, 3.3543454483e-03, 2.0982098897e+02, 2.0412818164e+02
2.4710552764e-03, 8.4704467503e-01, 3.5004962619e-03, 2.1030976190e+02, 2.0437592282e+02
2.4739698492e-03, 8.4805959029e-01, 3.6470668956e-03, 2.1102749070e+02, 2.0485247681e+02
2.4768844221e-03, 8.4907450555e-01, 3.7942159852e-03, 2.1197203131e+02, 2.0555543208e+02
2.4797989950e-03, 8.5008942081e-01, 3.9421005031e-03, 2.1314092093e+02, 2.0648206193e+02
2.4827135678e-03, 8.5104732574e-01, 4.0908755755e-03, 2.1453139512e+02, 2.0762934256e+02
2.4856281407e-03, 8.5200100770e-01, 4.2406943676e-03, 2.1614040333e+02, 2.0899396872e+02
2.4885427136e-03, 8.5295468965e-01, 4.3917077810e-03, 2.1796462601e+02, 2.1057237091e+02
2.4914572864e-03, 8.5392137098e-01, 4.5440643498e-03, 2.2000049028e+02, 2.1236073176e+02
2.4943718593e-03, 8.5490105170e-01, 4.6979099952e-03, 2.2224418592e+02, 2.1435500156e+02
2.4972864322e-03, 8.5588073241e-01, 4.8533879726e-03, 2.2469168266e+02, 2.1655091688e+02
2.5002010050e-03, 8.5685821724e-01, 5.0106385861e-03, 2.2733874603e+02, 2.1894401544e+02
2.5031155779e-03, 8.5780605757e-01, 5.1697991985e-03, 2.3018095314e+02, 2.2152965298e+02
2.5060301508e-03, 8.5875389789e-01, 5.3310039875e-03, 2.3321370931e+02, 2.2430301948e+02
2.5089447236e-03, 8.5970173822e-01, 5.4943838850e-03, 2.3643226503e+02, 2.2725915685e+02
2.5118592965e-03, 8.6067049159e-01, 5.6600665184e-03, 2.3983173118e+02, 2.3039297350e+02
2.5147738693e-03, 8.6165111452e-01, 5.8281759748e-03, 2.4340709597e+02, 2.3369926234e+02
2.5176884422e-03, 8.6263173745e-01, 5.9988329076e-03, 2.4715324071e+02, 2.3717271567e+02
2.5206030151e-03, 8.6360923432e-01, 6.1721543152e-03, 2.5106495683e+02, 2.4080794315e+02
2.5235175879e-03, 8.6457474796e-01, 6.3482535998e-03, 2.5513696151e+02, 2.4459948689e+02
2.5264321608e-03, 8.6554026160e-01, 6.5272403926e-03, 2.5936391473e+02, 2.4854183883e+02
2.5293467337e-03, 8.6650577524e-01, 6.7092206791e-03, 2.6374043395e+02, 2.5262945516e+02
2.5322613065e-03, 8.6748026009e-01, 6.8942966054e-03, 2.6826111284e+02, 2.5685677551e+02
2.5351758794e-03, 8.6845733661e-01, 7.0825666389e-03, 2.7292053554e+02, 2.6121823673e+02
2.5380904523e-03, 8.6943441314e-01, 7.2741253962e-03, 2.7771329348e+02, 2.6570828980e+02
2.5410050251e-03, 8.7040359075e-01, 7.4690638012e-03, 2.8263400206e+02, 2.7032141665e+02
2.5439195980e-03, 8.7135776042e-01, 7.6674690208e-03, 2.8767731668e+02, 2.7505214600e+02
2.5468341709e-03, 8.7231193009e-01, 7.8694245103e-03, 2.9283794963e+02, 2.7989506991e+02
2.5497487437e-03, 8.7326609976e-01, 8.0750100778e-03, 2.9811068452e+02, 2.8484485854e+02
2.5526633166e-03, 8.7422041600e-01, 8.2843019591e-03, 3.0349039484e+02, 2.8989627820e+02
2.5555778894e-03, 8.7517474607e-01, 8.4973727953e-03, 3.0897205952e+02, 2.9504420705e+02
2.5584924623e-03, 8.7612907613e-01, 8.7142918374e-03, 3.1455077763e+02, 3.0028364930e+02
2.5614070352e-03, 8.7708568616e-01, 8.9351249553e-03, 3.2022178726e+02, 3.0560975433e+02
2.5643216080e-03, 8.7804473901e-01, 9.1599347516e-03, 3.2598048015e+02, 3.1101783083e+02
2.5672361809e-03, 8.7900379186e-01, 9.3887806570e-03, 3.3182241834e+02, 3.1650336326e+02
2.5701507538e-03, 8.7996256292e-01, 9.6217191312e-03, 3.3774335037e+02, 3.2206202786e+02
2.5730653266e-03, 8.8091616783e-01, 9.8588037281e-03, 3.4373922768e+02, 3.2768970883e+02
2.5759798995e-03, 8.8186977274e-01, 1.0100085213e-02, 3.4980622100e+02, 3.3338251442e+02
2.5788944724e-03, 8.8282337765e-01, 1.0345611824e-02, 3.5594073694e+02, 3.3913679324e+02
2.5818090452e-03, 8.8376994545e-01, 1.0595429389e-02, 3.6213943328e+02, 3.4494914924e+02
2.5847236181e-03, 8.8471221280e-01, 1.0849581437e-02, 3.6839923617e+02, 3.5081645863e+02
2.5876381910e-03, 8.8565448015e-01, 1.1108109492e-02, 3.7471735606e+02, 3.5673588543e+02
2.5905527638e-03, 8.8659677008e-01, 1.1371053298e-02, 3.8109130402e+02, 3.6270489729e+02
2.5934673367e-03, 8.8753915652e-01, 1.1638450907e-02, 3.8751890797e+02, 3.6872128196e+02
2.5963819095e-03, 8.8848154295e-01, 1.1910338985e-02, 3.9399832935e+02, 3.7478316264e+02
2.5992964824e-03, 8.8942392938e-01, 1.2186753025e-02, 4.0052807878e+02, 3.8088901417e+02
2.6022110553e-03, 8.9038919011e-01, 1.2467727676e-02, 4.0710703258e+02, 3.8703767825e+02
2.6051256281e-03, 8.9136172902e-01, 1.2753296872e-02, 4.1373445001e+02, 3.9322838134e+02
2.6080402010e-03, 8.9233426793e-01, 1.3043494178e-02, 4.2040998717e+02, 3.9946074700e+02
2.6109547739e-03, 8.9328594099e-01, 1.3338353117e-02, 4.2713371621e+02, 4.0573481521e+02
2.6138693467e-03, 8.9419478415e-01, 1.3637907344e-02, 4.3390613939e+02, 4.1205105593e+02
2.6167839196e-03, 8.9510362730e-01, 1.3942191032e-02, 4.4072820761e+02, 4.1841038736e+02
2.6196984925e-03, 8.9601247046e-01, 1.4251239201e-02, 4.4760133268e+02, 4.2481418695e+02
2.6226130653e-03, 8.9696144058e-01, 1.4565088024e-02, 4.5452740848e+02, 4.3126431308e+02
2.6255276382e-03, 8.9791504073e-01, 1.4883775118e-02, 4.6150882444e+02, 4.3776311691e+02
2.6284422111e-03, 8.9886864088e-01, 1.5207339981e-02, 4.6854848205e+02, 4.4431345934e+02
2.6313567839e-03, 8.9980306800e-01, 1.5535824316e-02, 4.7564981161e+02, 4.5091872641e+02
2.6342713568e-03, 9.0071548164e-01, 1.5869272363e-02, 4.8281678862e+02, 4.5758284586e+02
2.6371859296e-03, 9.0162789528e-01, 1.6207731342e-02, 4.9005394919e+02, 4.6431030119e+02
2.6401005025e-03, 9.0254137793e-01, 1.6551251848e-02, 4.9736640758e+02, 4.7110614908e+02
2.6430150754e-03, 9.0348479290e-01, 1.6899888223e-02, 5.0475987203e+02, 4.7797603458e+02
2.6459296482e-03, 9.0442820787e-01, 1.7253698987e-02, 5.1224065997e+02, 4.8492620530e+02
2.6488442211e-03, 9.0537162284e-01, 1.7612747285e-02, 5.1981571632e+02, 4.9196352979e+02
2.6517587940e-03, 9.0629029922e-01, 1.7977101288e-02, 5.2749262841e+02, 4.9909551101e+02
2.6546733668e-03, 9.0719271880e-01, 1.8346834734e-02, 5.3527964188e+02, 5.0633030198e+02
2.6575879397e-03, 9.0809513839e-01, 1.8722027276e-02, 5.4318567818e+02, 5.1367672264e+02
2.6605025126e-03, 9.0899724735e-01, 1.9102765034e-02, 5.5122035028e+02, 5.2114427456e+02
2.6634170854e-03, 9.0989786528e-01, 1.9489141058e-02, 5.5939397935e+02, 5.2874315727e+02
2.6663316583e-03, 9.1079848321e-01, 1.9881255852e-02, 5.6771761008e+02, 5.3648428268e+02
2.6692462312e-03, 9.1169910114e-01, 2.0279217837e-02, 5.7620302761e+02, 5.4437929090e+02
2.6721608040e-03, 9.1261133554e-01, 2.0683143882e-02, 5.8486277435e+02, 5.5244056743e+02
2.6750753769e-03, 9.1352762218e-01, 2.1093159916e-02, 5.9371016527e+02, 5.6068125606e+02
2.6779899497e-03, 9.1444390883e-01, 2.1509401335e-02, 6.0275930494e+02, 5.6911527672e+02
2.6809045226e-03, 9.1534993915e-01, 2.1932013654e-02, 6.1202510267e+02, 5.7775733850e+02
2.6838190955e-03, 9.1623317766e-01, 2.2361153045e-02, 6.2152329100e+02, 5.8662295850e+02
2.6867336683e-03, 9.1711641616e-01, 2.2796986942e-02, 6.3127043949e+02, 5.9572847392e+02
2.6896482412e-03, 9.1799965466e-01, 2.3239694575e-02, 6.4128397290e+02, 6.0509105982e+02
2.6925628141e-03, 9.1888971026e-01, 2.3689467602e-02, 6.5158218614e+02, 6.1472874319e+02
2.6954773869e-03, 9.1978070153e-01, 2.4146510747e-02, 6.6218426121e+02, 6.2466041916e+02
2.6983919598e-03, 9.2067169281e-01, 2.4611042364e-02, 6.7311028399e+02, 6.3490586647e+02
2.7013065327e-03, 9.2155576646e-01, 2.5083295092e-02, 6.8438125938e+02, 6.4548576218e+02
2.7042211055e-03, 9.2243132611e-01, 2.5563516538e-02, 6.9601912821e+02, 6.5642169756e+02
2.7071356784e-03, 9.2330688577e-01, 2.6051969909e-02, 7.0804678369e+02, 6.6773619371e+02
2.7100502513e-03, 9.2418211382e-01, 2.6548934631e-02, 7.2048808744e+02, 6.7945271647e+02
2.7129648241e-03, 9.2503844098e-01, 2.7054707166e-02, 7.3336788554e+02, 6.9159569179e+02
2.7158793970e-03, 9.2589476815e-01, 2.7569601507e-02, 7.4671202617e+02, 7.0419052214e+02
2.7187939698e-03, 9.2675109531e-01, 2.8093950056e-02, 7.6054737322e+02, 7.1726359959e+02
2.7217085427e-03, 9.2761487837e-01, 2.8628104209e-02, 7.7490182520e+02, 7.3084232343e+02
2.7246231156e-03, 9.2848392441e-01, 2.9172435223e-02, 7.8980433053e+02, 7.4495511450e+02
2.7275376884e-03, 9.2935297046e-01, 2.9727334754e-02, 8.0528490368e+02, 7.5963143046e+02
2.7304522613e-03, 9.3021642053e-01, 3.0293215816e-02, 8.2137464147e+02, 7.7490178159e+02
2.7333668342e-03, 9.3104940364e-01, 3.0870513407e-02, 8.3810573915e+02, 7.9079774421e+02
2.7362814070e-03, 9.3188238675e-01, 3.1459685293e-02, 8.5551150800e+02, 8.0735197989e+02
2.7391959799e-03, 9.3271536986e-01, 3.2061212832e-02, 8.7362638980e+02, 8.2459824601e+02
2.7421105528e-03, 9.3354331231e-01, 3.2675601761e-02, 8.9248597446e+02, 8.4257141484e+02
2.7450251256e-03, 9.3436933451e-01, 3.3303382959e-02, 9.1212701547e+02, 8.6130748633e+02
2.7479396985e-03, 9.3519535671e-01, 3.3945113254e-02, 9.3258744665e+02, 8.8084360452e+02
2.7508542714e-03, 9.3601962096e-01, 3.4601376369e-02, 9.5390639830e+02, 9.0121807237e+02
2.7537688442e-03, 9.3683964545e-01, 3.5272783625e-02, 9.7612421369e+02, 9.2247036735e+02
2.7566834171e-03, 9.3765966995e-01, 3.5959974840e-02, 9.9928246474e+02, 9.4464115567e+02
2.7595979899e-03, 9.3847969444e-01, 3.6663619183e-02, 1.0234239694e+03, 9.6777230947e+02
2.7625125628e-03, 9.3928001365e-01, 3.7384416078e-02, 1.0485928067e+03, 9.9190691939e+02
2.7654271357e-03, 9.4007718002e-01, 3.8123096035e-02, 1.0748343338e+03, 1.0170893116e+03
2.7683417085e-03, 9.4087434639e-01, 3.8880421623e-02, 1.1021952017e+03, 1.0433650620e+03
2.7712562814e-03, 9.4166074413e-01, 3.9657188243e-02, 1.1307233730e+03, 1.0707810129e+03
2.7741708543e-03, 9.4243292730e-01, 4.0454225244e-02, 1.1604681356e+03, 1.0993852855e+03
2.7770854271e-03, 9.4320511047e-01, 4.1272396635e-02, 1.1914801222e+03, 1.1292272982e+03
2.7800000000e-03, 9.4397729364e-01, 4.2112602147e-02, 1.2238113232e+03, 1.1603577782e+03

