Number of particles: 108
Initial configuration: FCC
Dry microgel radius [nm]: 50.0
Box length [units of dry radius]: 47.20789507944623
Number of monomers: 2916666.666666667
Flory interaction parameter (chi): 0.0
Young's calibration factor: 1.0
x-link fraction: 3.0E-5
DryVolFrac increment: 1.0E-4
MC steps: 100000
Equilibration steps: 10000.0
Snapshot interval: 100
Displacement tolerance: 0.1
Particle radius change tolerance: 0.05
Particle radius bin width: 0.001
g(r) bin width: 0.005
phi0,	phi, 	mu/KT,		(PV/NkT)_total,		1+(PV/NkT)_virial,		 1+(PV/NkT)_pair/calculated,		(PV/NkT)_FR,      <F_total>/V,      EntropySolid,		Freference/V,           <F_FR>/V,     <alpha>,      zeta, 		newHertzianPotential, 		SpringConstant, 		lindemannParameter, 		kT/E
0.0012, 0.41225819360240346, 1.833096981880893, 3.243271089787588, 1.0, 3.224481909796077, 0.018789179991511182, -0.0021673662511616063, 1.5021999030059647, -0.0022341098058708594, 1.4306981788241875E-4, 7.0031307510288014, 0.0, 0.0, 0.018164563391497024, 0.5336940496815424, 0.005714345261352694
0.0013, 0.44650420357462184, 9.956048863203733, 1.7397605154336824, 1.0, 1.7291548908016696, 0.01060562463201278, -0.00203401258617572, 1.5020780257271176, -0.0022951480840726563, 1.5686215506827565E-4, 7.002563662551437, 0.0, 0.0, 0.023814479590951287, 0.4787090782327685, 0.005714324932688529
0.0014, 0.4808094375427551, 19.1603383286691, 0.19798924474202487, 1.0, 0.19307906754183507, 0.004910177200189802, -0.0016919999340886103, 1.5017444003219034, -0.0018819856265302195, 1.6770883839912053E-4, 7.002365102880665, 0.0, 0.0, 0.07803067572032643, 0.2710739318584126, 0.0057143014359146965
0.0015, 0.5151276911415954, 18.784210040374923, 2.463718071365617, 1.0, 2.4437170719671233, 0.02000099939849354, -0.0011191738192794824, 1.5011765348131278, -0.0014169034204762798, 1.810550042457245E-4, 7.002253353909469, 0.0, 0.0, 0.24061569168224856, 0.15795966608910775, 0.00571463756580598
0.0016, 0.5493568690063394, 14.425083828495206, 2.4136637524903524, 1.0, 2.3863496450553225, 0.027314107435029954, -7.951199700879862E-4, 1.5008659215367, -0.0011424368155219693, 1.9280448300819828E-4, 7.001775617283941, 0.0, 0.0, 0.4606854321856893, 0.11664035920837244, 0.005714339029070209
0.0017, 0.5835508561003899, 17.61349761728628, 4.114994959884158, 1.0, 4.051236660188202, 0.06375829969595645, -4.3042680053348995E-4, 1.500520400323931, -8.868149625607071E-4, 2.064597171860777E-4, 7.001216471193411, 0.0, 0.0, 0.7919898838318388, 0.09077527719670218, 0.00571448669387212
0.0018, 0.6176169100380976, 24.93712462346518, 7.492806644511806, 1.0, 7.3462161868374265, 0.14659045767437867, 4.5862593190543535E-5, 1.5000733004632787, -5.516235137869577E-4, 2.201380960686018E-4, 7.0002410082304545, 0.0, 0.0, 1.4520853695469196, 0.06832912416026701, 0.005714333934664052
0.0019, 0.6514341085799412, -103.03196533052963, -126.89057050100564, 1.0, -127.24703935006544, 0.3564688490597882, 7.602331945634411E-4, 1.4994117179177988, -1.2029747721525405E-4, 2.3791868442283876E-4, 6.998477160493828, 0.0, 0.0, 2.8805837209954825, 0.04939565057694403, 0.005714441664424956
0.002, 0.6847146678426904, -824.3427693324714, -845.9975835146118, 1.0, -847.7483724362071, 1.7507889215952541, -0.004873551380457431, 1.5051467045768612, 4.948535315261764E-4, 2.6220230192895434E-4, 6.995073631687245, 0.0, 0.0, 6.913917573173147, 0.032433388696897825, 0.005714285759378911
0.0021, 0.7161461903333018, -2878.317280429416, -2845.661488229637, 1.0, -2863.655500856201, 17.994012626563762, -0.038599234767834036, 1.5391420837820304, 0.0014504842296303411, 3.4773292797045824E-4, 6.986019588477369, 0.0, 0.0, 24.111107630123477, 0.017652610736259466, 0.005714300016750637
0.0022, 0.7395926564196968, -6094.330742894986, -5861.295823995761, 1.0, -5969.969649152553, 108.67382515679213, -0.14230307827060623, 1.6439039270726157, 0.002749913258912669, 0.0011544705403131073, 6.952997736625517, 0.0, 0.0, 116.59537668550234, 0.00815288511355328, 0.005714311270347016
0.0023, 0.7507532068872704, -2745.4556337746053, -2161.910833446056, 1.0, -2451.978951941713, 290.06811849565685, -0.329582093538426, 1.834231626269995, 0.0035105220464738455, 0.0056414777327940015, 6.88554720164609, 0.0, 1.9389750354499818E-4, 254.00887496890397, 0.005606122633351511, 0.00571431459424116
0.0024, 0.7580699943339444, 2746.3380097837253, 3218.412988429096, 1.0, 2718.613103238622, 499.79988519047424, -0.2733889288170225, 1.7834157897660312, 0.0038522766808063696, 0.015494766289010461, 6.811369228395061, 0.0, 7.620887523227433E-4, 317.099469687892, 0.005089210523284975, 0.005714292767117813
0.0025, 0.7644167265959327, 3634.3992647908294, 3964.890510830444, 1.0, 3260.279734529514, 704.61077630093, -0.1984541126409546, 1.7164057803948525, 0.004074035929536074, 0.030796394942325934, 6.73910806584362, 0.0, 0.001656034953771303, 339.68370776517, 0.00498448627758574, 0.005714445595793294
0.0026, 0.770221013791168, 4375.936277262543, 4535.11406180494, 1.0, 3629.05585725965, 906.0582045452904, -0.09985914636871923, 1.628339185650885, 0.004274733929704305, 0.051601164285629754, 6.669667644032919, 0.0, 0.0028668266360576023, 353.7817686040889, 0.0049484344167423444, 0.005714566405558508
0.0027, 0.7756830829124125, 5032.1862413494455, 5014.24490472478, 1.0, 3908.861718732864, 1105.3831859919158, 0.01048145411348951, 1.531078479909503, 0.00448415504192839, 0.07802680786669494, 6.603302602880661, 0.0, 0.004362712508118878, 370.71398167855983, 0.004895302482807469, 0.0057142905315795784
0.0028, 0.7807518501528037, 5483.038310594582, 5271.222143097809, 1.0, 3968.4480729378697, 1302.7740701599394, 0.14041004809221772, 1.4168727188218655, 0.004687125276880448, 0.11015908724969527, 6.539510421810699, 0.0, 0.006117533154006476, 384.65239060566074, 0.0048644030597100344, 0.0057143837841481995
0.0029, 0.7855053948603145, 5932.470818773093, 5537.38392794066, 1.0, 4038.00775269099, 1499.37617524967, 0.2722772492014983, 1.3033277941075245, 0.004903137580286228, 0.14809819399818666, 6.478245709876542, 0.0, 0.008096024742014391, 403.175612354446, 0.004807249164898031, 0.0057145140010302535
0.003, 0.7899678848715701, 6852.003668522285, 6258.713825837671, 1.0, 4563.086389261197, 1695.6274365764737, 0.42366466475906617, 1.1728359836483337, 0.00511154086000612, 0.19196269475485586, 6.419314691358025, 0.0, 0.010258193912662337, 418.2639854370853, 0.004773382937564255, 0.005714306468140766
0.0031, 0.7941907751430679, 7353.7929315954525, 6542.105411065638, 1.0, 4651.6379054033905, 1890.467505662247, 0.5994363253802351, 1.0204847859742034, 0.005327099331856313, 0.24185595343385927, 6.362643755144036, 0.0, 0.012569318230628703, 435.71223313986684, 0.00472822841230098, 0.005714286691690175
0.0032, 0.7981489797433998, 8116.7285223866165, 7100.965119651883, 1.0, 5018.099646260256, 2082.865473391626, 0.7747824134203631, 0.871147546081455, 0.0055371377145112845, 0.2978294791380402, 6.307941646090534, 0.0, 0.015010319163769197, 450.5316934186939, 0.004699284582644795, 0.005714375377021462
0.0033, 0.8018633504108807, 8907.704614692815, 7652.982461976999, 1.0, 5375.792316638179, 2277.19014533882, 0.9869815652020768, 0.6876075377894854, 0.005748399567363513, 0.3599197966457022, 6.255082139917697, 0.0, 0.01756625699614581, 465.395176818474, 0.00467130403674272, 0.0057142959188284685
0.0034, 0.8053885528833712, 9660.243044479199, 8179.96089805195, 1.0, 5709.7036055122135, 2470.2572925397367, 1.2000939797296177, 0.5054143501488069, 0.005977030852864996, 0.4283706205441181, 6.2040601337448535, 0.0, 0.020168394300552426, 486.7885605451391, 0.004613181597580803, 0.005714316364261927
0.0035, 0.8087101748729455, 10665.161088299648, 8930.307076572593, 1.0, 6267.386720017797, 2662.9203565547964, 1.4482241948014662, 0.2908877869662929, 0.006184492336398435, 0.5030641660873654, 6.154678786008231, 0.0, 0.02284881513234108, 499.2719478966319, 0.004599371882155728, 0.005714292932140625
0.0036, 0.8118616411640458, 11509.334620041129, 9518.527000602091, 1.0, 6662.7210825258635, 2855.805918076227, 1.709317911551886, 0.06559744675247159, 0.006407939593324985, 0.5842622256622575, 6.10689470164609, 0.0, 0.02553688005745721, 517.7934497855034, 0.004558972627217463, 0.005714291654236095
0.0037, 0.8148703864252317, 12490.720131049693, 10226.980129384116, 1.0, 7184.259078891426, 3042.7210504926898, 1.9977544437449344, -0.18450060802469004, 0.006632444796764476, 0.6718778671360335, 6.060663713991766, 0.0, 0.02825867607235337, 536.3753584929395, 0.004520404094238147, 0.0057142895857927815
0.0038, 0.8177107451252038, 13206.380062737182, 10662.962816237377, 1.0, 7433.502986693126, 3229.45982954425, 2.3057058670420876, -0.45144709997766075, 0.006865346775943771, 0.765859176900854, 6.015792726337449, 0.0, 0.031024612783192105, 558.0564680285828, 0.004471293925532589, 0.005714304325586039
0.0039, 0.820393861740689, 13797.904492498847, 10973.269264245291, 1.0, 7550.171902242287, 3423.0973620030045, 2.6283126439453977, -0.7305593649555777, 0.0070800666046537345, 0.8663815934842606, 5.9721948868312795, 0.0, 0.03379454586501932, 571.8685224272375, 0.004455377767819454, 0.005714339326236235
0.004, 0.8229593270755974, 14667.642227456303, 11561.203230328132, 1.0, 7950.2696559430315, 3610.9335743851007, 2.964507278329406, -1.0213206794322565, 0.007309561024989645, 0.9737298619620208, 5.929903014403289, 0.0, 0.036504996898928076, 591.4295844459995, 0.004418208787508756, 0.005714302909966733
0.0041, 0.8254497919316937, 15834.325389458452, 12431.940830552954, 1.0, 8635.79915105575, 3796.141679497205, 3.3286409731463245, -1.3371307698653747, 0.007541717281346451, 1.0874774648443242, 5.8889554526748995, 0.0, 0.039257024326927445, 611.7731991910828, 0.004380030712208618, 0.005714293092769132
