#Number of particles: 32
#Initial configuration: FCC
#Dry microgel radius [nm]: 50.0
#Box length [units of dry radius]: 51.17755447140035
#Number of monomers: 2916666.666666667
#Number of chains: 291.6666666666669
#Flory interaction parameter (chi): 0.0
#Young's calibration factor: 1.0
#Minimum x-link fraction: 3.0E-5
#Maximum x-link fraction: 1.0E-4
#x-link fraction increment: 1.75E-6
#Reservoir swelling ratio: 5.5154305577278135
#Mean swelling ratio: 5.516138506944445
#Max Dry volume fraction: 10.0
#Minimum Dry volume fraction: 0.001
#Reservoir volume fraction: 0.16777925547269204
#Actual volume fraction: 0.0
#MC steps: 100000
#Equilibration steps: 10000.0
#Snapshot interval: 100
#Displacement tolerance: 0.1
#Particle radius change tolerance: 0.05
#Particle radius bin width: 0.001
#g(r) bin width: 0.005
#Mean pair energy <E_pair>/N [kT]: 0.069488647774039
#phi0,		   phi,       	   <alpha>,      		zeta, 	 	 	  lindemannParameter, 			x-link, 		kT/E
0.0022, 0.7302976334996677, 6.990659826388891, 0.7311579643611926, 0.14017952429113842, 3.175E-5, 0.0053994411333410765
0.0023, 0.739385859647901, 6.915142847222223, 0.7403086738301488, 0.127055771048147, 3.35E-5, 0.005117490087214033
0.0023, 0.7172861419325579, 6.836973159722221, 0.7181539448951542, 0.13689682192698882, 3.525E-5, 0.004863678704220367
0.0024, 0.727103929390858, 6.772817673611116, 0.7280264661504938, 0.13242795724059253, 3.7000000000000005E-5, 0.004633263035883193
0.0025, 0.7369157409228408, 6.710393680555552, 0.7377420124461587, 0.12197467017855465, 3.875000000000001E-5, 0.004423972710535752
0.0025, 0.7178870274543707, 6.646349652777782, 0.7185600821020911, 0.13062135139385297, 4.050000000000001E-5, 0.004232950177798158
0.0025, 0.7000623298152553, 6.585287777777783, 0.7006589077655382, 0.1358137846653915, 4.225000000000001E-5, 0.004057499469236925
0.0026, 0.7105411320630381, 6.532964097222233, 0.7112629109296461, 0.12839481403153297, 4.400000000000001E-5, 0.0038962470745760713
0.0026, 0.6942319373365103, 6.478848923611111, 0.6949138906343091, 0.14060045663216253, 4.5750000000000014E-5, 0.0037470791705243294
0.0026, 0.6789304955400979, 6.427707881944443, 0.679534571246403, 0.14895758230655803, 4.7500000000000016E-5, 0.0036091021928900445
0.0027, 0.6900878189677747, 6.381022222222222, 0.6906150513028853, 0.1321676540283006, 4.925000000000002E-5, 0.003481079146512731
0.0028, 0.7007778300417413, 6.336571458333332, 0.7014420935756327, 0.12477444363775383, 5.100000000000002E-5, 0.0033613874680482594
0.0028, 0.6868549221858072, 6.29289184027778, 0.687478559311749, 0.13688357452576436, 5.275000000000002E-5, 0.003249944036093121
0.0028, 0.6737409031775601, 6.249751527777777, 0.6742380161102653, 0.13877738360577496, 5.4500000000000024E-5, 0.003145479965060014
0.0029, 0.6847446092483304, 6.210001388888889, 0.6852896502401631, 0.129163182908291, 5.6250000000000026E-5, 0.003047626641660607
0.0029, 0.6723743593305354, 6.170576250000002, 0.6728946218994999, 0.13758570111167207, 5.800000000000003E-5, 0.0029556986938461464
0.0029, 0.6605836200134352, 6.132468993055559, 0.6610823883341519, 0.1431321048759241, 5.975000000000003E-5, 0.0028691377443268596
0.003, 0.6716986014077524, 6.098289444444442, 0.672218467943519, 0.1369005878417442, 6.150000000000003E-5, 0.002787456446083559
0.003, 0.6606400219491635, 6.062639999999998, 0.6610781076571188, 0.14074929417856727, 6.325000000000003E-5, 0.0027104841095111445
0.0031, 0.6716261989503566, 6.030234618055557, 0.672099445684393, 0.13461691481731988, 6.500000000000003E-5, 0.0026374173146667982
0.0031, 0.6611123742081233, 5.996644305555555, 0.6615505238782982, 0.13537269052130818, 6.675000000000004E-5, 0.002568233724362742
0.0031, 0.6509668394577146, 5.96555979166667, 0.6514338763065775, 0.14989566337536153, 6.850000000000004E-5, 0.002502607933464628
0.0032, 0.6619484049018652, 5.935042291666664, 0.6624224577767568, 0.1302865345923318, 7.025000000000004E-5, 0.0024404343264415075
0.0032, 0.6523485096514492, 5.904857777777774, 0.6527893029555731, 0.1381586233659545, 7.200000000000004E-5, 0.0023809531083637476
0.0033, 0.6631443777935052, 5.877339930555558, 0.6636330581894634, 0.13183250769907243, 7.375000000000004E-5, 0.0023246693089076873
0.0032, 0.6341880694416268, 5.847113437499998, 0.6346021973812384, 0.14742169569542818, 7.550000000000005E-5, 0.002270582524100504
0.0033, 0.6451322181422341, 5.821899895833331, 0.645568121888678, 0.1426722457416909, 7.725000000000005E-5, 0.0022191406386279553
0.0033, 0.6366128167496531, 5.7949558333333355, 0.6370176375059002, 0.14753758835858746, 7.900000000000005E-5, 0.002170019922967488
0.0034, 0.6473773754851284, 5.770762152777772, 0.6478191709473734, 0.14404399072825155, 8.075000000000005E-5, 0.0021229553229031497
0.0035, 0.6579535527241338, 5.746267152777781, 0.6584181050954279, 0.13108535156830436, 8.250000000000005E-5, 0.002077937070709886
0.0034, 0.6313373023708005, 5.7203649652777795, 0.6316675474309157, 0.149538597037447, 8.425000000000006E-5, 0.002034772128252468
0.0035, 0.6420172586081319, 5.697012708333332, 0.6423406915144074, 0.13817503875402706, 8.600000000000006E-5, 0.0019936036971194564
0.0035, 0.6342701837136074, 5.673210000000001, 0.6346880978844139, 0.137444314865046, 8.775000000000006E-5, 0.0019536135898208145
0.0036, 0.6448549735643737, 5.651646319444438, 0.645199002845153, 0.13114292547761042, 8.950000000000006E-5, 0.001915412575935423
0.0036, 0.6374283994241101, 5.629689201388888, 0.6378093917973028, 0.1405467474783332, 9.125000000000006E-5, 0.0018786694378237843
0.0036, 0.630278443786536, 5.608026875000001, 0.6306433683704746, 0.14610104478858293, 9.300000000000007E-5, 0.001843330343018374
0.0036, 0.623383342609579, 5.5868313194444434, 0.623690268002809, 0.14850157834829883, 9.475000000000007E-5, 0.0018092753704630222
0.0037, 0.6338008110879191, 5.566626284722224, 0.6340758150283808, 0.13605985653674824, 9.650000000000007E-5, 0.001776461880283855
