Number of particles: 32
Initial configuration: FCC
Dry microgel radius [nm]: 50.0
Box length [units of dry radius]: 20.70557108814463
Number of monomers: 2916666.666666667
Number of chains: 2916.666666666667
Flory interaction parameter (chi): 0.0
Young's calibration factor: 2.4
x-link fraction: 0.001
Reservoir swelling ratio: 3.505574917793274
Mean swelling ratio: 3.505
Dry volume fraction: 0.01509999999999997
Reservoir volume fraction: 0.6505110915605273
Actual volume fraction: 0.6502774314497357
MC steps: 20000
Equilibration steps: 10000.0
Snapshot interval: 100
Displacement tolerance: 0.1
Particle radius change tolerance: 0.0
Particle radius bin width: 0.001
g(r) bin width: 0.005
Mean pair energy <E_pair>/N [kT]: 0.505121743195756
The coupling constant increment - dlambda: 0.0
phi0,         Freference/V,           <F_FR>/V,     		<alpha>,      		zeta, 	 		SpringConstant, 		lindemannParameter
0.0101, -0.0150396202605465, 0.0, 3.505, 0.43511006786498935, 0.054680121974259276, 0.6257057525108459
0.0102, -0.017164082168627904, 0.0, 3.505, 0.4394180883389001, 0.03128001767277601, 0.8299991663876427
0.0103, -0.014657800146077368, 0.0, 3.505, 0.4437261088128108, 0.06610764191507452, 0.5727929566877802
0.0104, -0.016361109071400107, 0.0, 3.505, 0.4480341292867216, 0.04288011060558544, 0.7135004616690028
0.0105, -0.01618432718593522, 0.0, 3.505, 0.45234214976063236, 0.046989502191199975, 0.6837653748115986
0.0106, -0.016511877346995794, 0.0, 3.505, 0.45665017023454313, 0.04481583449265931, 0.7023667950518713
0.0107, -0.015895568166016456, 0.0, 3.505, 0.4609581907084539, 0.05516675039923925, 0.635038884117987
0.0108, -0.011815816723707132, 0.0, 3.505, 0.46526621118236466, 0.17049916413144414, 0.36234690144943404
0.0109, -0.015949515721981458, 0.0, 3.505, 0.46957423165627543, 0.05880751679406601, 0.6188758072522025
0.011, -0.016201892816512256, 0.0, 3.505, 0.47388225213018614, 0.05718444897814737, 0.6295105582194259
0.0111, -0.014642839292675998, 0.0, 3.505, 0.4781902726040969, 0.0890515382559531, 0.5059776968530953
0.0112, -0.01554075424918326, 0.0, 3.505, 0.4824982930780077, 0.07310328013830557, 0.560121189758466
0.0113, -0.01422920366860662, 0.0, 3.505, 0.48680631355191845, 0.10581081021250958, 0.46695198047617376
0.0114, -0.015672034346261958, 0.0, 3.505, 0.4911143340258292, 0.07582812206177932, 0.5532196030080386
0.0115, -0.012509446554440204, 0.0, 3.505, 0.49542235449974, 0.1733790341042346, 0.36692622347945814
0.0116, -0.013158151777279354, 0.0, 3.505, 0.49973037497365075, 0.15158122184556325, 0.39355707291035513
0.0117, -0.015295296995459506, 0.0, 3.505, 0.5040383954475615, 0.09205085010075773, 0.5064763210861889
0.0118, -0.008168125796178287, 0.0, 3.505, 0.5083464159214722, 0.5419545526455931, 0.20932623482185692
0.0119, -0.00874467033327083, 0.0, 3.505, 0.512654436395383, 0.479195541719564, 0.22323915151278811
0.012, -0.006502111486352381, 0.0, 3.505, 0.5169624568692938, 0.8357108063649328, 0.16951579347948068
0.0121, -0.006046675422079707, 0.0, 3.505, 0.5212704773432045, 0.9434204763853122, 0.15998781292685404
0.0122, -0.006815380398840373, 0.0, 3.505, 0.5255784978171153, 0.7959317368762736, 0.17465986749658372
0.0123, -0.005677420379362416, 0.0, 3.505, 0.5298865182910261, 1.0527072968493216, 0.15228564987908275
0.0124, -0.005209765941431123, 0.0, 3.505, 0.5341945387649368, 1.1860592132637333, 0.14385726628053133
0.0125, -0.0049457458336338665, 0.0, 3.505, 0.5385025592388476, 1.2725689645184342, 0.13925381472907197
0.0126, -0.0046806390360277055, 0.0, 3.505, 0.5428105797127584, 1.3642009389856327, 0.13485346298935255
0.0127, -0.004848352694349807, 0.0, 3.505, 0.547118600186669, 1.3241403267375116, 0.13723935281192606
0.0128, -0.004527764225766699, 0.0, 3.505, 0.5514266206605798, 1.4353229584921463, 0.13216189827371444
0.0129, -0.00418344535369648, 0.0, 3.505, 0.5557346411344906, 1.5621572978514724, 0.12701215447063777
0.013, -0.0037533295388070434, 0.0, 3.505, 0.5600426616084013, 1.7305964787490131, 0.12098391575194242
0.0131, -0.003652829436856704, 0.0, 3.505, 0.5643506820823121, 1.7802773378205774, 0.11958894298505386
0.0132, -0.003221197583015815, 0.0, 3.505, 0.5686587025562229, 1.96787536754661, 0.1140346785735855
0.0133, -0.0030649900124700563, 0.0, 3.505, 0.5729667230301336, 2.0461034776286597, 0.11211520380121298
0.0134, -0.0030272484441198496, 0.0, 3.505, 0.5772747435040444, 2.0727009597471806, 0.11167201922757193
0.0135, -0.0024768880250753598, 0.0, 3.505, 0.5815827639779552, 2.342065185474411, 0.10531482912720543
0.0136, -0.002177562371207077, 0.0, 3.505, 0.5858907844518659, 2.5047958530633294, 0.10208718506344225
0.0137, -0.0018559435606041491, 0.0, 3.505, 0.5901988049257767, 2.6887872707153955, 0.09877333732265506
0.0138, -0.0015963630734194465, 0.0, 3.505, 0.5945068253996875, 2.8462035232702743, 0.0962360553630242
0.0139, -0.0013733555693581092, 0.0, 3.505, 0.5988148458735982, 2.9876209913758167, 0.09415714383661726
0.014, -8.344029330082988E-4, 0.0, 3.505, 0.603122866347509, 3.344537015136214, 0.08920429576530549
0.0141, -5.912501240697817E-4, 0.0, 3.505, 0.6074308868214197, 3.518743312246389, 0.08717467520967558
0.0142, -2.3472134260805544E-4, 0.0, 3.505, 0.6117389072953304, 3.7855027933442833, 0.0842452499435101
0.0143, 1.072737443962209E-4, 0.0, 3.505, 0.6160469277692412, 4.056419628549534, 0.08157398308950407
0.0144, 2.983985668414654E-4, 0.0, 3.505, 0.620354948243152, 4.213359330224486, 0.08022646844835968
0.0145, 7.978630725436919E-4, 0.0, 3.505, 0.6246629687170627, 4.650586387769998, 0.07653849233403663
0.0146, 0.0010952511958462398, 0.0, 3.505, 0.6289709891909735, 4.925742850099098, 0.07454059320336362
0.0147, 0.0014844428956125799, 0.0, 3.505, 0.6332790096648843, 5.3077929259414, 0.07197138934015596
0.0148, 0.0019551426671166215, 0.0, 3.505, 0.637587030138795, 5.805130210505879, 0.06897510170445745
0.0149, 0.002270013691105424, 0.0, 3.505, 0.6418950506127058, 6.1531096436321295, 0.06714688285472818
