Number of particles: 32
Initial configuration: FCC
Dry microgel radius [nm]: 50.0
Box length [units of dry radius]: 19.86464580209453
Number of monomers: 2916666.666666667
Number of chains: 2916.666666666667
Flory interaction parameter (chi): 0.0
Young's calibration factor: 0.2
x-link fraction: 0.001
Reservoir swelling ratio: 3.505574917793274
Mean swelling ratio: 3.505
Dry volume fraction: 0.01709999999999997
Reservoir volume fraction: 0.736671501038743
Actual volume fraction: 0.7319403232380235
MC steps: 20000
Equilibration steps: 10000.0
Snapshot interval: 100
Displacement tolerance: 0.1
Particle radius change tolerance: 0.0
Particle radius bin width: 0.001
g(r) bin width: 0.005
Mean pair energy <E_pair>/N [kT]: 1.1875185741877265
The coupling constant increment - dlambda: 0.0
phi0,         Freference/V,           <F_FR>/V,     		<alpha>,      		zeta, 	 		SpringConstant, 		lindemannParameter
0.0121, -0.016199469385700962, 0.0, 3.505, 0.5212704773432051, 0.0839978102532366, 0.5361737751138435
0.0122, -0.017317362414542, 0.0, 3.505, 0.5255784978171159, 0.06656052811743242, 0.6039801391045114
0.0123, -0.01759693779922971, 0.0, 3.505, 0.5298865182910265, 0.06443657961556855, 0.6155262204605575
0.0124, -0.01659865072958985, 0.0, 3.505, 0.5341945387649373, 0.08400157428808881, 0.5405567268486506
0.0125, -0.015193660999829977, 0.0, 3.505, 0.538502559238848, 0.1197654093261353, 0.4539228688481284
0.0126, -0.01419805346828456, 0.0, 3.505, 0.5428105797127588, 0.1546160489567718, 0.40056591356893206
0.0127, -0.007992064633979395, 0.0, 3.505, 0.5471186001866696, 0.6486986704757097, 0.19607587581297573
0.0128, -0.007900569796334165, 0.0, 3.505, 0.5514266206605803, 0.6715420372899998, 0.19321662051934815
0.0129, -0.007680746751295984, 0.0, 3.505, 0.5557346411344911, 0.7150289431801944, 0.18773526199588994
0.013, -0.007302744904380064, 0.0, 3.505, 0.5600426616084019, 0.7877472118455462, 0.17932139438319708
0.0131, -0.00716638014205624, 0.0, 3.505, 0.5643506820823126, 0.8217039139507728, 0.17602614632358585
0.0132, -0.006798330755010627, 0.0, 3.505, 0.5686587025562234, 0.9010290392883905, 0.16852577907387403
0.0133, -0.006419207305631145, 0.0, 3.505, 0.5729667230301342, 0.9890134790015335, 0.16126020301579344
0.0134, -0.006437273579118069, 0.0, 3.505, 0.577274743504045, 0.9952989661497403, 0.1611520805357961
0.0135, -0.006356836889287011, 0.0, 3.505, 0.5815827639779557, 1.02281746001032, 0.15936390026967134
0.0136, -0.005928214488137907, 0.0, 3.505, 0.5858907844518665, 1.1311470020910532, 0.15191402554738054
0.0137, -0.005884701739323152, 0.0, 3.505, 0.5901988049257771, 1.1518873942386683, 0.15090823397745998
0.0138, -0.005405353657530583, 0.0, 3.505, 0.5945068253996879, 1.2844701576958033, 0.14325466715680377
0.0139, -0.005326730454609806, 0.0, 3.505, 0.5988148458735987, 1.3160292355548031, 0.14186761204179543
0.014, -0.005073045466838438, 0.0, 3.505, 0.6031228663475094, 1.3973663108967183, 0.1380062128100358
0.0141, -0.004774994233355757, 0.0, 3.505, 0.6074308868214202, 1.4959747287372243, 0.13369710481687058
0.0142, -0.004588870816632934, 0.0, 3.505, 0.611738907295331, 1.56405815389908, 0.13106319785805348
0.0143, -0.004226985036445359, 0.0, 3.505, 0.6160469277692417, 1.6931598153477405, 0.12626242612445185
0.0144, -0.003979660698530794, 0.0, 3.505, 0.6203549482431525, 1.7893877461004564, 0.12310613457333237
0.0145, -0.0037733948959400064, 0.0, 3.505, 0.6246629687170633, 1.8742800487219133, 0.12056368680172391
0.0146, -0.003387827324184057, 0.0, 3.505, 0.628970989190974, 2.032651075617019, 0.11603721461172636
0.0147, -0.0032553591980187943, 0.0, 3.505, 0.6332790096648848, 2.0953504184116576, 0.11454827158006288
0.0148, -0.0029800114744187724, 0.0, 3.505, 0.6375870301387956, 2.2200239134782263, 0.11153714044613108
0.0149, -0.002594842869458693, 0.0, 3.505, 0.6418950506127064, 2.4007584391030887, 0.10749764528155104
0.015, -0.0023964956248317022, 0.0, 3.505, 0.6462030710866171, 2.502035833785831, 0.1055345714334919
0.0151, -0.0021703648331233586, 0.0, 3.505, 0.6505110915605278, 2.620016046743859, 0.10335974613316116
0.0152, -0.0017547511822667715, 0.0, 3.505, 0.6548191120344385, 2.842214452751165, 0.09945589609013389
0.0153, -0.001534720193052779, 0.0, 3.505, 0.6591271325083493, 2.9685470038384416, 0.09752956169398605
0.0154, -0.0012342083226880413, 0.0, 3.505, 0.6634351529822601, 3.145776083029709, 0.09494835195879495
0.0155, -0.001087916756228699, 0.0, 3.505, 0.6677431734561708, 3.236907608892903, 0.09380439241076474
0.0156, -7.270477142230569E-4, 0.0, 3.505, 0.6720511939300816, 3.4641226704917627, 0.09087044647963669
0.0157, -4.978041842263287E-4, 0.0, 3.505, 0.6763592144039924, 3.615637161817755, 0.0891357433317064
0.0158, -1.629084959454036E-4, 0.0, 3.505, 0.6806672348779031, 3.845138389240051, 0.08661786376792507
0.0159, 1.051019450911554E-4, 0.0, 3.505, 0.6849752553518139, 4.03679110231368, 0.0847146779086248
0.016, 4.2967197821274856E-4, 0.0, 3.505, 0.6892832758257247, 4.278796123642702, 0.08245625849515445
0.0161, 6.662459881287755E-4, 0.0, 3.505, 0.6935912962996355, 4.461183288959194, 0.08092102076459587
0.0162, 0.0010446997877302541, 0.0, 3.505, 0.6978993167735462, 4.767805562144712, 0.07843745560531287
0.0163, 0.0012558926397815966, 0.0, 3.505, 0.702207337247457, 4.9429494787212676, 0.07719346627477663
0.0164, 0.001679844286603478, 0.0, 3.505, 0.7065153577213678, 5.317450075254786, 0.07457741617579074
0.0165, 0.0019143169055178245, 0.0, 3.505, 0.7108233781952784, 5.529165291104585, 0.0732840206918373
0.0166, 0.0023399311893402205, 0.0, 3.505, 0.7151313986691892, 5.940543476576618, 0.07084361276258641
0.0167, 0.0026516217202405697, 0.0, 3.505, 0.7194394191431, 6.252864248519987, 0.06919006694448944
0.0168, 0.0030150003094756767, 0.0, 3.505, 0.7237474396170107, 6.636181572077189, 0.06729586673049776
0.0169, 0.0033783525082722644, 0.0, 3.505, 0.7280554600909215, 7.038002979631533, 0.06547596966790147
