Number of particles: 32
Initial configuration: FCC
Dry microgel radius [nm]: 50.0
Box length [units of dry radius]: 19.86464580209453
Number of monomers: 2916666.666666667
Number of chains: 2916.666666666667
Flory interaction parameter (chi): 0.0
Young's calibration factor: 0.1
x-link fraction: 0.001
Reservoir swelling ratio: 3.505574917793274
Mean swelling ratio: 3.505
Dry volume fraction: 0.01709999999999997
Reservoir volume fraction: 0.736671501038743
Actual volume fraction: 0.7281788886739428
MC steps: 20000
Equilibration steps: 10000.0
Snapshot interval: 100
Displacement tolerance: 0.1
Particle radius change tolerance: 0.0
Particle radius bin width: 0.001
g(r) bin width: 0.005
Mean pair energy <E_pair>/N [kT]: 1.2407400181397512
The coupling constant increment - dlambda: 0.0
phi0,         Freference/V,           <F_FR>/V,     		<alpha>,      		zeta, 	 		SpringConstant, 		lindemannParameter
0.0121, -0.019438108652991764, 0.0, 3.505, 0.5212704773432051, 0.03883193294832371, 0.7885787067427572
0.0122, -0.018678568652994814, 0.0, 3.505, 0.5255784978171159, 0.048254388575967186, 0.7093533577391186
0.0123, -0.019219491376411664, 0.0, 3.505, 0.5298865182910265, 0.04405427599085791, 0.7444212528322873
0.0124, -0.019259139391325602, 0.0, 3.505, 0.5341945387649373, 0.0452569371220295, 0.7364485468341448
0.0125, -0.019155313925934808, 0.0, 3.505, 0.538502559238848, 0.048035648604257374, 0.7167470848083524
0.0126, -0.019074324917330306, 0.0, 3.505, 0.5428105797127588, 0.05067127475714694, 0.6997136729538718
0.0127, -0.017082697067092832, 0.0, 3.505, 0.5471186001866696, 0.08240149148692967, 0.5501462172831315
0.0128, -0.01984308207405852, 0.0, 3.505, 0.5514266206605803, 0.045607755312598856, 0.741415625599112
0.0129, -0.01936533521419139, 0.0, 3.505, 0.5557346411344911, 0.05252599294444933, 0.6926606696414371
0.013, -0.01467979035802144, 0.0, 3.505, 0.5600426616084019, 0.15345353449523802, 0.4062909012846218
0.0131, -0.014836463723184092, 0.0, 3.505, 0.5643506820823126, 0.1519582134456366, 0.40932924040861773
0.0132, -0.014373547681874781, 0.0, 3.505, 0.5686587025562234, 0.17230497653762195, 0.38537791882143413
0.0133, -0.01803169773396833, 0.0, 3.505, 0.5729667230301342, 0.07982575508542815, 0.5676188243242655
0.0134, -0.01458696664590261, 0.0, 3.505, 0.577274743504045, 0.17241097178480028, 0.3871954483999663
0.0135, -0.011038491169166956, 0.0, 3.505, 0.5815827639779557, 0.3764024309989641, 0.2627016537914576
0.0136, -0.010584081918479238, 0.0, 3.505, 0.5858907844518665, 0.4216375706865112, 0.24882140920594298
0.0137, -0.008584748432300306, 0.0, 3.505, 0.5901988049257771, 0.6526506382849077, 0.20048300626514803
0.0138, -0.007494975638572211, 0.0, 3.505, 0.5945068253996879, 0.8301543155560621, 0.17819330148530066
0.0139, -0.00752535791310856, 0.0, 3.505, 0.5988148458735987, 0.8341546382337638, 0.17819386295522718
0.014, -0.007200404768200284, 0.0, 3.505, 0.6031228663475094, 0.9017343766713994, 0.17179655830100055
0.0141, -0.00716080446559254, 0.0, 3.505, 0.6074308868214202, 0.9185326877191216, 0.1706227051843511
0.0142, -0.0069743093990204735, 0.0, 3.505, 0.611738907295331, 0.9637131369080668, 0.16696802844025102
0.0143, -0.006595525303330155, 0.0, 3.505, 0.6160469277692417, 1.0503713609472416, 0.1603066986422855
0.0144, -0.006545872132590416, 0.0, 3.505, 0.6203549482431525, 1.070543440722838, 0.15915847787260617
0.0145, -0.0061262488433712695, 0.0, 3.505, 0.6246629687170633, 1.1740694753892142, 0.15233049829817139
0.0146, -0.005785179552081942, 0.0, 3.505, 0.628970989190974, 1.2661872778751755, 0.14702112431683373
0.0147, -0.00584164363625714, 0.0, 3.505, 0.6332790096648848, 1.2618277666273703, 0.14761035752467924
0.0148, -0.005401356640138168, 0.0, 3.505, 0.6375870301387956, 1.3852914563243988, 0.14119774289925385
0.0149, -0.005281512917015288, 0.0, 3.505, 0.6418950506127064, 1.4276242841566833, 0.13940110614657245
0.015, -0.004854360526445243, 0.0, 3.505, 0.6462030710866171, 1.5601270821009419, 0.1336477112031915
0.0151, -0.004832100647896676, 0.0, 3.505, 0.6505110915605278, 1.5762551055287546, 0.13325703823937915
0.0152, -0.004437924309845227, 0.0, 3.505, 0.6548191120344385, 1.7086991603850823, 0.12827031269352468
0.0153, -0.0042314632697971, 0.0, 3.505, 0.6591271325083493, 1.7860217265593588, 0.12573751373060427
0.0154, -0.004016544437463115, 0.0, 3.505, 0.6634351529822601, 1.8687250227192733, 0.12319090157323247
0.0155, -0.00375775156983224, 0.0, 3.505, 0.6677431734561708, 1.970124274139819, 0.12023793682020284
0.0156, -0.0036176369171534092, 0.0, 3.505, 0.6720511939300816, 2.030595013809504, 0.11868822516499546
0.0157, -0.0032939539203572146, 0.0, 3.505, 0.6763592144039924, 2.16382886490904, 0.11522132266944472
0.0158, -0.003121183338086186, 0.0, 3.505, 0.6806672348779031, 2.241379195087317, 0.11345033638621024
0.0159, -0.0027283383867727335, 0.0, 3.505, 0.6849752553518139, 2.4151426542781285, 0.1095230193126831
0.016, -0.0024876059077367394, 0.0, 3.505, 0.6892832758257247, 2.5296630136294556, 0.10723908157092693
0.0161, -0.0023004695493428757, 0.0, 3.505, 0.6935912962996355, 2.6227973567622658, 0.10553682319465746
0.0162, -0.0020685294863883987, 0.0, 3.505, 0.6978993167735462, 2.739901348325697, 0.10347020327379036
0.0163, -0.0018344278632127548, 0.0, 3.505, 0.702207337247457, 2.8617916620399266, 0.10145060040379811
0.0164, -0.0015960603233277084, 0.0, 3.505, 0.7065153577213678, 2.9897568364320524, 0.09945831777379595
0.0165, -0.0013700046507558756, 0.0, 3.505, 0.7108233781952784, 3.1150782712833838, 0.09763478932545025
0.0166, -0.0010711382881541881, 0.0, 3.505, 0.7151313986691892, 3.2853219253982053, 0.09526312496627973
0.0167, -8.043030020353245E-4, 0.0, 3.505, 0.7194394191431, 3.4435677194293386, 0.09323499177724602
0.0168, -5.811612741031538E-4, 0.0, 3.505, 0.7237474396170107, 3.5804681587439893, 0.09161732622799856
0.0169, -3.80108129746219E-4, 0.0, 3.505, 0.7280554600909215, 3.7070978561468917, 0.09021726082118163
