0.0 1.0
0.005 1.0
0.01 1.0
0.015 1.0
0.02 1.0
0.025 1.0
0.03 1.0
0.035 1.0
0.04 1.0
0.045 1.0
0.05 1.0
0.055 1.0
0.06 1.0
0.065 1.0
0.07 1.0
0.075 1.0
0.08 1.0
0.085 1.0
0.09 1.0
0.095 1.0
0.1 1.0
0.105 1.0
0.11 1.0
0.115 1.0
0.12 1.0
0.125 1.0
0.13 1.0
0.135 1.0
0.14 1.0
0.145 1.0
0.15 1.0
0.155 1.0
0.16 1.0
0.165 1.0
0.17 1.0
0.17500000000000002 1.0
0.18 1.0
0.185 1.0
0.19 1.0
0.195 1.0
0.2 1.0
0.20500000000000002 1.0
0.21 1.0
0.215 1.0
0.22 1.0
0.225 1.0
0.23 1.0
0.23500000000000001 1.0
0.24 1.0
0.245 1.0
0.25 1.0
0.255 1.0
0.26 1.0
0.265 1.0
0.27 1.0
0.275 1.0
0.28 1.0
0.28500000000000003 1.0
0.29 1.0
0.295 1.0
0.3 1.0
0.305 1.0
0.31 1.0
0.315 1.0
0.32 1.0
0.325 1.0
0.33 1.0
0.335 1.0
0.34 1.0
0.34500000000000003 1.0
0.35000000000000003 1.0
0.355 1.0
0.36 1.0
0.365 1.0
0.37 1.0
0.375 1.0
0.38 1.0
0.385 1.0
0.39 1.0
0.395 1.0
0.4 1.0
0.405 1.0
0.41000000000000003 1.0
0.41500000000000004 1.0
0.42 1.0
0.425 1.0
0.43 1.0
0.435 1.0
0.44 1.0
0.445 1.0
0.45 1.0
0.455 1.0
0.46 1.0
0.465 1.0
0.47000000000000003 1.0
0.47500000000000003 1.0
0.48 1.0
0.485 1.0
0.49 1.0
0.495 1.0
0.5 1.382945623337834
0.505 1.4325637419308817
0.51 1.4767948042262495
0.515 1.514775839706466
0.52 1.5458804893693452
0.525 1.5697615130979008
0.53 1.586371608767535
0.535 1.5959590914915835
0.54 1.5990378116545279
0.545 1.5963337826121244
0.55 1.588713905133671
0.555 1.5771044859893357
0.56 1.5624086004300937
0.5650000000000001 1.5454315261812996
0.5700000000000001 1.5268224358177007
0.5750000000000001 1.5070384118608224
0.58 1.486333942178279
0.585 1.4647757742457437
0.59 1.442279818026134
0.595 1.4186641304668441
0.6 1.3937102446806784
0.605 1.3672244402160891
0.61 1.3390910373483038
0.615 1.3093113199242117
0.62 1.2780239861615463
0.625 1.2455057348063274
0.63 1.2121533147833154
0.635 1.1784507205025212
0.64 1.1449268984394374
0.645 1.1121101551801347
0.65 1.0804853702081694
0.655 1.050459199946238
0.66 1.0223369074558626
0.665 0.9963125355400999
0.67 0.9724721616653088
0.675 0.9508082177369424
0.68 0.9312415571570035
0.685 0.9136472516582038
0.6900000000000001 0.8978800477542761
0.6950000000000001 0.8837959558834014
0.7000000000000001 0.8712674505834485
0.705 0.8601910372633803
0.71 0.8504872764170079
0.715 0.8420945449630328
0.72 0.8349586909365008
0.725 0.8290211961467093
0.73 0.8242084667438275
0.735 0.8204244596939861
0.74 0.8175481198566315
0.745 0.8154361850168368
0.75 0.8139309701090292
0.755 0.8128719155942826
0.76 0.8121090985427881
0.765 0.8115166336266336
0.77 0.8110039568593307
0.775 0.8105233563478952
0.78 0.8100727155428495
0.785 0.8096931593070185
0.79 0.8094620236693091
0.795 0.8094821958285956
0.8 0.8098693053480042
0.805 0.8107384399376476
0.81 0.8121920003084195
0.8150000000000001 0.8143100282779073
0.8200000000000001 0.817143902019071
0.8250000000000001 0.820713772361495
0.8300000000000001 0.8250095989278884
0.835 0.829995209328818
0.84 0.8356145023540784
0.845 0.8417987733397293
0.85 0.848474154351263
0.855 0.8555683067441684
0.86 0.8630157357812341
0.865 0.8707613665446609
0.87 0.8787622810002218
0.875 0.8869877326348384
0.88 0.8954177081776002
0.885 0.9040403923908673
0.89 0.9128489218602365
0.895 0.9218378049144996
0.9 0.9309993563263469
0.905 0.9403204618879212
0.91 0.9497799558546274
0.915 0.9593468613013356
0.92 0.9689797006146692
0.925 0.9786270192049169
0.93 0.9882291713969815
0.935 0.9977212921327431
0.9400000000000001 1.0070372305700945
0.9450000000000001 1.016114071081971
0.9500000000000001 1.0248967399657467
0.9550000000000001 1.0333421206762714
0.96 1.0414221002089432
0.965 1.0491250570482784
0.97 1.0564554741818524
0.975 1.0634315996716177
0.98 1.0700813482781282
0.985 1.076436897752484
0.99 1.082528638532982
0.995 1.0883792488894677
1.0 1.0939986669566435
1.0050000000000001 1.0993806139951185
1.01 1.1045011075374254
1.0150000000000001 1.1093191242250837
1.02 1.113779276502338
1.025 1.117816103534508
1.03 1.121359386521936
1.035 1.124339809166319
1.04 1.1266943033360697
1.045 1.1283705358695246
1.05 1.1293301760695962
1.055 1.1295507956524902
1.06 1.1290264526677594
1.065 1.1277671636232778
1.07 1.125797552254806
1.075 1.1231549742535767
1.08 1.1198873664513056
1.085 1.1160509807798258
1.09 1.1117080683397798
1.095 1.106924506402077
1.1 1.1017673321159707
1.105 1.0963021689948982
1.11 1.0905905990314206
1.115 1.084687624806326
1.12 1.078639454473964
1.125 1.0724818990975682
1.1300000000000001 1.0662396734583
1.135 1.0599268268953934
1.1400000000000001 1.0535484036130591
1.145 1.0471032606932098
1.1500000000000001 1.0405877866160869
1.155 1.0340000985795517
1.16 1.027344186528127
1.165 1.0206334398219312
1.17 1.0138930490558524
1.175 1.0071609144695068
1.18 1.0004868921631562
1.185 0.9939304373200142
1.19 0.9875569223944748
1.195 0.9814330826538047
1.2 0.9756221452451634
1.205 0.9701792180655634
1.21 0.9651474530680162
1.215 0.9605553708122623
1.22 0.9564155643826575
1.225 0.9527248208246439
1.23 0.9494655349682961
1.235 0.9466081653198295
1.24 0.9441144063374826
1.245 0.9419407271556217
1.25 0.9400419460466619
1.2550000000000001 0.9383745592779327
1.26 0.9368996074817574
1.2650000000000001 0.9355849291855397
1.27 0.9344067113296873
1.2750000000000001 0.9333502975436364
1.28 0.9324102584547824
1.285 0.9315897686926152
