0.0 1.0
0.005 1.0
0.01 1.0
0.015 1.0
0.02 1.0
0.025 1.0
0.03 1.0
0.035 1.0
0.04 1.0
0.045 1.0
0.05 1.0
0.055 1.0
0.06 1.0
0.065 1.0
0.07 1.0
0.075 1.0
0.08 1.0
0.085 1.0
0.09 1.0
0.095 1.0
0.1 1.0
0.105 1.0
0.11 1.0
0.115 1.0
0.12 1.0
0.125 1.0
0.13 1.0
0.135 1.0
0.14 1.0
0.145 1.0
0.15 1.0
0.155 1.0
0.16 1.0
0.165 1.0
0.17 1.0
0.17500000000000002 1.0
0.18 1.0
0.185 1.0
0.19 1.0
0.195 1.0
0.2 1.0
0.20500000000000002 1.0
0.21 1.0
0.215 1.0
0.22 1.0
0.225 1.0
0.23 1.0
0.23500000000000001 1.0
0.24 1.0
0.245 1.0
0.25 1.0
0.255 1.0
0.26 1.0
0.265 1.0
0.27 1.0
0.275 1.0
0.28 1.0
0.28500000000000003 1.0
0.29 1.0
0.295 1.0
0.3 1.0
0.305 1.0
0.31 1.0
0.315 1.0
0.32 1.0
0.325 1.0
0.33 1.0
0.335 1.0
0.34 1.0
0.34500000000000003 1.0
0.35000000000000003 1.0
0.355 1.0
0.36 1.0
0.365 1.0
0.37 1.0
0.375 1.0
0.38 1.0
0.385 1.0
0.39 1.0
0.395 1.0
0.4 1.0
0.405 1.0
0.41000000000000003 1.0
0.41500000000000004 1.0
0.42 1.0
0.425 1.0
0.43 1.0
0.435 1.0
0.44 1.0
0.445 1.0
0.45 1.0
0.455 1.0
0.46 1.0
0.465 1.0
0.47000000000000003 1.0
0.47500000000000003 1.0
0.48 1.0
0.485 1.0
0.49 1.0
0.495 1.0
0.5 1.1335784345651785
0.505 1.1373092366505824
0.51 1.1397687630968185
0.515 1.1409060128341426
0.52 1.1406896459658282
0.525 1.1391223517234836
0.53 1.136251255036033
0.535 1.1321710399077252
0.54 1.1270188517402675
0.545 1.1209626028535882
0.55 1.1141862368506394
0.555 1.106876202778648
0.56 1.0992126352193932
0.5650000000000001 1.0913667804745373
0.5700000000000001 1.083503695049242
0.5750000000000001 1.0757870155255456
0.58 1.0683814438345456
0.585 1.061448981648654
0.59 1.0551368762355855
0.595 1.0495581981025863
0.6 1.04476907524459
0.605 1.0407488566268415
0.61 1.0373900494663626
0.615 1.0345034008047096
0.62 1.0318401961507435
0.625 1.0291295137807717
0.63 1.026123955977417
0.635 1.0226444799743035
0.64 1.0186142750635239
0.645 1.0140735085469301
0.65 1.0091708306593448
0.655 1.004132811359212
0.66 0.9992176446410915
0.665 0.9946631667108518
0.67 0.9906405309323871
0.675 0.9872234378976632
0.68 0.9843790281422438
0.685 0.9819814090379214
0.6900000000000001 0.9798436308225933
0.6950000000000001 0.9777600313588772
0.7000000000000001 0.9755491309424332
0.705 0.9730879646858176
0.71 0.9703315264442731
0.715 0.9673149897508702
0.72 0.9641404561681309
0.725 0.9609531330798636
0.73 0.9579133913890834
0.735 0.9551709331528312
0.74 0.952845637567989
0.745 0.9510172201234334
0.75 0.9497234101515482
0.755 0.9489645706287304
0.76 0.9487118938828936
0.765 0.9489164943671415
0.77 0.9495175780429497
0.775 0.9504489447454965
0.78 0.9516439511863696
0.785 0.9530394719687306
0.79 0.954579317893622
0.795 0.9562171800462675
0.8 0.9579187426850277
0.805 0.9596624030123253
0.81 0.9614381798435743
0.8150000000000001 0.9632448423693184
0.8200000000000001 0.9650858556475417
0.8250000000000001 0.9669651708951663
0.8300000000000001 0.9688839809380443
0.835 0.9708392412971165
0.84 0.9728241187925374
0.845 0.974829801337416
0.85 0.976847565267327
0.855 0.9788698757089115
0.86 0.9808896727165038
0.865 0.9828977697653062
0.87 0.9848792034024318
0.875 0.9868100917578332
0.88 0.9886567930500657
0.885 0.9903787547129497
0.89 0.9919354645694138
0.895 0.9932966115339552
0.9 0.9944533174703079
0.905 0.9954275123189567
0.91 0.9962764829085686
0.915 0.9970904232147108
0.92 0.9979823050103341
0.925 0.9990712231658606
0.93 1.0004620860466735
0.935 1.0022256654720882
0.9400000000000001 1.0043832714752847
0.9450000000000001 1.0068995720476148
0.9500000000000001 1.00968548166795
0.9550000000000001 1.0126109508095467
0.96 1.0155253807656974
0.965 1.0182817481632414
0.97 1.0207597243721729
0.975 1.022883292062526
0.98 1.0246295356079709
0.985 1.0260271405948431
0.99 1.0271452614442043
0.995 1.0280753402660998
1.0 1.0289097798550189
1.0050000000000001 1.029721832419257
1.01 1.030550604684648
1.0150000000000001 1.0313938425335516
1.02 1.0322094471262409
1.025 1.0329248765475199
1.03 1.0334520837224874
1.035 1.0337047248927602
1.04 1.0336141885367156
1.045 1.0331415194480713
1.05 1.032283374403204
1.055 1.0310714733637723
1.06 1.0295663025315205
1.065 1.0278468213186223
1.07 1.0259984558413093
1.075 1.024101677670062
1.08 1.0222230344893015
1.085 1.0204097707859223
1.09 1.0186883435109872
1.095 1.0170663836341514
1.1 1.0155371165903453
1.105 1.014085001166383
1.11 1.0126913747289585
1.115 1.0113391430697634
1.12 1.0100159324053215
1.125 1.0087155288299898
1.1300000000000001 1.007437781167128
1.135 1.0061873800098573
1.1400000000000001 1.0049720263302904
1.145 1.0038004767993127
1.1500000000000001 1.0026808335742392
1.155 1.0016192811293034
1.16 1.000619311253013
1.165 0.9996813604736571
1.17 0.99880273535068
1.175 0.9979777212980623
1.18 0.9971978386403426
1.185 0.9964522881584453
1.19 0.9957286757652085
1.195 0.9950140905041989
1.2 0.994296523179927
1.205 0.9935664757534421
1.21 0.9928184718639318
1.215 0.9920520968221334
1.22 0.9912722228673966
1.225 0.9904882333340604
1.23 0.9897123232116986
1.235 0.9889572534064579
1.24 0.9882341731233013
1.245 0.9875512024770844
1.25 0.9869133264220687
1.2550000000000001 0.9863237975293832
1.26 0.9857867598941668
1.2650000000000001 0.9853103293637933
1.27 0.9849090565087908
1.2750000000000001 0.9846046875482632
1.28 0.984424475445397
1.285 0.9843969234020863
