Number of particles: 108
dryVolFracMax: 0.02
dryVolFracIncrement: 1.0E-4
Initial configuration: FCC
Dry microgel radius [nm]: 50.0
Box length [units of dry radius]: 28.257430141958103
Number of monomers: 2916666.666666667
Number of chains: 2916.666666666667
Flory interaction parameter (chi): 0.0
Young's calibration factor: 1.0
Minimum x-link fraction: 0.001
Maximum x-link fraction: 0.01
#x-link fraction increment: 0.001
Reservoir swelling ratio: 3.5055745959281923
MC steps: 20000
Equilibration steps: 10000.0
Snapshot interval: 100
Displacement tolerance: 0.1
Particle radius change tolerance: 0.05
Particle radius bin width: 0.001
g(r) bin width: 0.005
phi0, phi, mu/kT, (PV/NKT)total, (PV/NKT)_Virial, (PV/NKT)_pair/calculated, (PV/NKT)_FR, <F_total_path1>/V, <F_total_path2>/V, QMelting, <F_id>/V, <F_pair>/V, <F_FR>/V,  <alpha>, Zeta, B2, B2_HS, B2*
1.5E-4, 0.006461674883518826, -9.804025164631621, 0.9917047335246051, 1.0, 1.0, -0.008295266475394934, -3.8348477041631344E-4, -3.8348477041631344E-4, 1.5003834847704163, -4.013247781823274E-4, 0.0, 1.7840007766013942E-5, 3.505005555555557, 0.006462028930928308, 658.5764317151961, 721.4641118770916, 0.9128332523730454
2.5E-4, 0.010770291868598292, -9.22064510936509, 1.0089998275605114, 1.0, 1.0, 0.008999827560511386, -6.088625874112889E-4, -6.088625874112889E-4, 1.5006088625874112, -6.383869716487445E-4, 0.0, 2.952438423745566E-5, 3.505095462962964, 0.010770048218213847, 658.6271127347752, 721.5196324439063, 0.9128332523730454
3.5E-4, 0.015079349450646358, -8.8875957568944, 0.9848315462045572, 1.0, 1.0, -0.015168453795442894, -8.237381447117827E-4, -8.237381447117827E-4, 1.5008237381447118, -8.656273699807302E-4, 0.0, 4.188922526894749E-5, 3.505164444444445, 0.015078067505499384, 658.665999522828, 721.5622325441456, 0.9128332523730452
4.5E-4, 0.01938649437955755, -8.655111922472189, 0.970836290155723, 1.0, 1.0, -0.029163709844276988, -0.0010332140264849787, -0.0010332140264849787, 1.501033214026485, -0.0010859508705559368, 0.0, 5.273684407095821E-5, 3.505096574074074, 0.01938608679278492, 658.6277390870177, 721.5203186067304, 0.9128332523730456
5.5E-4, 0.023694436985391046, -8.399042142234286, 1.0274114839516095, 1.0, 1.0, 0.027411483951609483, -0.0012369892983542965, -0.0012369892983542965, 1.5012369892983544, -0.00130092465641393, 0.0, 6.393535805963347E-5, 3.50508212962963, 0.023694106080070464, 658.6195965388335, 721.5113985239409, 0.9128332523730455
6.5E-4, 0.028001113787289172, -8.226659824138984, 1.0199674671310046, 1.0, 1.0, 0.01996746713100464, -0.0014342387487370973, -0.0014342387487370973, 1.5014342387487372, -0.0015115336158711644, 0.0, 7.729486713406705E-5, 3.5050230555555557, 0.028002125367356002, 658.5862963030675, 721.4749184377047, 0.9128332523730451
7.5E-4, 0.03231091622822644, -8.050367396130143, 1.0494930202654602, 1.0, 1.0055459791508443, 0.04949302026546011, -0.0016297833711984631, -0.0016297833711984631, 1.5016297833711985, -0.0017184551416278254, 0.0, 8.867177042936217E-5, 3.505094444444445, 0.03231014465464154, 658.6265385789011, 721.5190034616988, 0.9128332523730454
8.5E-4, 0.036619404209396654, -7.957489249117345, 1.0131417644484806, 1.0110919583016884, 1.0048935110154509, 0.0020498061467922606, -0.0018186154781770802, -0.0018186147801427508, 1.5018186161762115, -0.001922184069404958, 2.648009988424343E-7, 1.0330379022903555E-4, 3.505103703703702, 0.03661816394192709, 658.631758190025, 721.5247214952064, 0.9128332523730454
9.5E-4, 0.04092608824314763, -7.871781926644567, 0.9827073495627779, 1.0, 1.0087514813851213, -0.017292650437222005, -0.002009725495777755, -0.002009725495777755, 1.5020097254957778, -0.0021230978654703772, 2.959540575297795E-7, 1.1307641563509259E-4, 3.505064259259259, 0.040926183229212626, 658.60952283812, 721.5003628822317, 0.9128332523730454
0.00105, 0.04523391791816597, -7.712811094244296, 1.0383713548103055, 1.0175029627702423, 1.0222697766870155, 0.0208683920400631, -0.002194465379547158, -0.0021944639436665375, 1.5021944668154277, -0.0023214940272964185, 7.449595727627468E-7, 1.262836881764976E-4, 3.5050629629629615, 0.04523420251649816, 658.6087921073483, 721.4995623737384, 0.9128332523730451
0.00115, 0.04954039842932015, -7.707892605932296, 0.9672339502073184, 1.0287035394390496, 1.0164754743478628, -0.06146958923173123, -0.0023779850990126522, -0.0023779829862003916, 1.5023779872118248, -0.0025176130974465497, 1.5011546313957425E-6, 1.3812684380250167E-4, 3.505029074074073, 0.049542221803783704, 658.5896889089616, 721.4786350046519, 0.9128332523730454
0.00125, 0.05385142055187319, -7.5538000628285875, 0.9928274589720265, 1.0067433692078975, 1.048171454560055, -0.013915910235870974, -0.0025624901422638367, -0.0025624896997297037, 1.502562490584798, -0.0027116536094373704, 1.7926758981140884E-6, 1.473707912754195E-4, 3.5050980555555555, 0.05385024109106924, 658.6285742239595, 721.5212334911736, 0.9128332523730455
0.00135, 0.05815885966536729, -7.398320351208451, 1.1166783543999836, 1.0901390094488441, 1.0735679393045487, 0.02653934495113958, -0.002738652484750764, -0.0027386436012921812, 1.5027386613682094, -0.002903782219694676, 4.088000307841804E-6, 1.610417346360702E-4, 3.505081574074073, 0.05815826037835478, 658.6192833652427, 721.5110554453008, 0.9128332523730455
0.00145, 0.06246379586002981, -7.31198035334123, 1.108846471584539, 1.0636738328231308, 1.0666737300449847, 0.04517263876140824, -0.0029157339186054944, -0.002915726247655038, 1.502915741589556, -0.0030941408209538028, 5.910915931370953E-6, 1.7249598641693722E-4, 3.505028240740741, 0.06246627966564032, 658.5892191628358, 721.478120402314, 0.9128332523730452
0.00155, 0.06677469628544384, -7.254392516665984, 1.0693025824207325, 1.0740649260822266, 1.0956042704010143, -0.004762343661494187, -0.0030877738298582882, -0.003087766832111569, 1.503087780827605, -0.003282851684140692, 8.086735170306593E-6, 1.8699111911209702E-4, 3.5050763888888894, 0.06677429895292586, 658.6163604165248, 721.5078533832482, 0.9128332523730454
0.00165, 0.07108289261934447, -7.290644046906794, 1.0383144499899084, 1.1219219970476877, 1.0749558621942559, -0.08360754705777927, -0.0032621056470523682, -0.003262089888880396, 1.5032621214052244, -0.0034700212679412913, 1.1519133295270036E-5, 1.9639648759365325E-4, 3.5050850925925943, 0.0710823182402114, 658.6212667996572, 721.5132282785203, 0.9128332523730454
0.00175, 0.07539066528148067, -7.104470753838562, 1.0820011929228974, 1.035378939283108, 1.0735463627147392, 0.0466222536397894, -0.0034358764413749032, -0.0034358726273881848, 1.5034358802553616, -0.0036557431015747576, 1.306187254613067E-5, 2.0680478765372362E-4, 3.5050735185185187, 0.07539033752749694, 658.6147423593453, 721.5060808172562, 0.9128332523730454
0.00185, 0.07969788857202102, -6.944989938066695, 1.1901008696196997, 1.1137354398196906, 1.133278158515609, 0.07636542980000909, -0.0036013191386099317, -0.003601304087894354, 1.5036013341893255, -0.0038401000065966108, 1.652349888085761E-5, 2.222573691058215E-4, 3.5050630555555564, 0.07969835681478249, 658.6088443023868, 721.4996195528981, 0.9128332523730454
0.00195, 0.08400911069554501, -7.046335045864586, 1.0395676799398805, 1.1589687388234027, 1.1664090623120074, -0.11940105888352208, -0.0037674752848849405, -0.0037674522238433715, 1.5037674983459266, -0.004023165836985632, 2.121176006964994E-5, 2.3447879203104203E-4, 3.505115925925925, 0.08400637610206803, 658.6386481189362, 721.5322693456965, 0.9128332523730452
0.00205, 0.08830821845355442, -6.826169377006276, 1.2367217096077385, 1.1820016288171968, 1.1655744107178863, 0.05472008079054169, -0.0039377568545792335, -0.003937729720882075, 1.5039377839882764, -0.004205006861409398, 2.6644511468879278E-5, 2.4060549536128445E-4, 3.504997037037037, 0.08831439538935357, 658.5716299408708, 721.458851579756, 0.9128332523730452
0.00215, 0.09262188473779959, -6.732217766153116, 1.2273325270679463, 1.1580253208535611, 1.1739043964324316, 0.06930720621438516, -0.004093400864504862, -0.00409337816702447, 1.5040934235619852, -0.004385682875181464, 3.171682037778293E-5, 2.6056519029881835E-4, 3.505072314814815, 0.09262241467663909, 658.6140638200266, 721.5053374839947, 0.9128332523730452
0.00225, 0.0969289629291214, -6.804315995205011, 1.1231145721073899, 1.1971334869347234, 1.1993127305708302, -0.07401891482733353, -0.004259196575215537, -0.004259164719966972, 1.5042592284304641, -0.00456524810492825, 3.7898236659777206E-5, 2.681532930529355E-4, 3.5050636111111118, 0.09693043396392463, 658.6091574726674, 721.4999626279119, 0.9128332523730452
0.00235, 0.10124971709707233, -6.706462973986037, 1.147688084533067, 1.2102534625151475, 1.2318344252746982, -0.06256537798208048, -0.0044182830220037, -0.004418244191023576, 1.5044183218529839, -0.004743751952133536, 4.460203441276591E-5, 2.8086689571706996E-4, 3.505212037037035, 0.10123845325121016, 658.6928296890302, 721.5916247317465, 0.9128332523730454
0.00245, 0.10554692425992021, -6.518554607215589, 1.3002474102352801, 1.262362343885958, 1.273296694473072, 0.03788506634932215, -0.004579406595107333, -0.004579358457560392, 1.5045794547326543, -0.004921239609912074, 5.276343291054132E-5, 2.8906958189419936E-4, 3.5050887962962967, 0.1055464725384957, 658.6233546296562, 721.515515476093, 0.9128332523730451
0.00255, 0.10985436980896951, -6.278233991085884, 1.525885029647754, 1.294939712157572, 1.2600855786873182, 0.23094531749018182, -0.004729521078269543, -0.004729466151792938, 1.504729576004746, -0.005097752578932284, 6.195820938269078E-5, 3.062732912800501E-4, 3.5050877777777787, 0.10985449182578122, 658.6227804759667, 721.5148864962787, 0.9128332523730454
0.00265, 0.11415887622021623, -6.415598761986305, 1.216801423033756, 1.2367977084389312, 1.3170199714245294, -0.019996285405175278, -0.004879170187177996, -0.004879126031194953, 1.504879214343161, -0.0052733291022967485, 7.004107195560615E-5, 3.2411784316314625E-4, 3.505045092592594, 0.11416251111306674, 658.5987185168079, 721.4885268527225, 0.9128332523730452
0.00275, 0.11847323939333315, -6.495758330872682, 1.2055879175811737, 1.4061779969927288, 1.375630882924965, -0.20059007941155518, -0.005035843355028853, -0.005035758959081693, 1.505035927750976, -0.0054480045346956725, 8.238091667416932E-5, 3.2978026299265E-4, 3.505120925925927, 0.11847053040035228, 658.6414667400682, 721.5353571178878, 0.9128332523730452
0.00285, 0.12277844537285316, -6.273406663047159, 1.3502204311807795, 1.3598538778387546, 1.363439753839135, -0.009633446657975133, -0.00518931980142462, -0.005189247972336519, 1.5051893916305128, -0.005621811657801176, 9.396746488873556E-5, 3.38524391487821E-4, 3.5050911111111116, 0.12277854968763781, 658.6246595256468, 721.516944977031, 0.9128332523730454
0.00295, 0.1270878475459295, -6.230716129643847, 1.3626695263573518, 1.3796520816935087, 1.362313143527152, -0.016982555336156967, -0.005335376459163729, -0.005335299474263007, 1.5053354534440644, -0.005794780951346675, 1.0632809473841673E-4, 3.530763974445295E-4, 3.50509962962963, 0.12708656897492335, 658.6294615577337, 721.5222055567419, 0.9128332523730454
0.00305, 0.13139131736211337, -6.14107837455177, 1.3588744654470424, 1.3578437674521018, 1.3935177484513908, 0.0010306979949406057, -0.005486814582735186, -0.00548674015478409, 1.5054868890106863, -0.005966940827411812, 1.1847532759963364E-4, 3.616509170769919E-4, 3.505059629629629, 0.13139458826220887, 658.6069130878484, 721.4975039260481, 0.9128332523730451
0.00315, 0.13569303731038906, -6.088707579248839, 1.3563981385733288, 1.4409243119900934, 1.480744812097794, -0.08452617341676451, -0.005628591352931126, -0.005628490987749, 1.5056286917181132, -0.006138317833951937, 1.3288605713750588E-4, 3.768404238833053E-4, 3.505010648148148, 0.1357026075494944, 658.579302352298, 721.4672566322748, 0.9128332523730454
0.00325, 0.1400001134210745, -6.036355316508843, 1.4224410667305347, 1.5345629094115316, 1.5223418067018986, -0.112121842680997, -0.005777528955218748, -0.005777403582136937, 1.5057776543283006, -0.006308936832459302, 1.4986641153996264E-4, 3.815414657005906E-4, 3.505008796296297, 0.14001062683677995, 658.5782584832959, 721.4661130838783, 0.9128332523730452
0.00335, 0.14432134945704148, -5.698582390498416, 1.7249083533713587, 1.5265687935126229, 1.5015129853725337, 0.19833955985873578, -0.005916806088995553, -0.005916680018800405, 1.5059169321591908, -0.0064788211537398395, 1.6704858969601266E-4, 3.9496647504827357E-4, 3.505122777777778, 0.14431864612406547, 658.6425106758605, 721.5365007394524, 0.9128332523730452
0.00345, 0.14863074453686442, -5.547556094229774, 1.7651382934927486, 1.4921756486805817, 1.5247149963748896, 0.27296264481216687, -0.006049616222038024, -0.006049497867447027, 1.506049734576629, -0.006647992735074966, 1.8378494286511152E-4, 4.145915701718307E-4, 3.5051255555555554, 0.148626665411351, 658.644076581618, 721.5382161740658, 0.9128332523730454
0.00355, 0.1529318397077633, -5.712969032920522, 1.593150609392072, 1.5715203049005178, 1.5595528325656494, 0.021630304491554217, -0.006181682381338424, -0.006181535247088439, 1.5061818295155884, -0.00681647224146874, 2.0275608489864883E-4, 4.3203377523166637E-4, 3.505078240740741, 0.15293468469863652, 658.6174043257885, 721.508996975751, 0.9128332523730454
0.00365, 0.157238709883739, -6.065626631184041, 1.2264359126779076, 1.5636845237491066, 1.5274092960620993, -0.337248611071199, -0.006322390400434092, -0.006322248706604736, 1.5063225320942635, -0.006984279173223753, 2.2192450065473905E-4, 4.3996427213492196E-4, 3.5050716666666664, 0.15724270398592205, 658.6136984528939, 721.5049372278344, 0.9128332523730452
0.00375, 0.16155453747615867, -5.824608511928066, 1.327861080453761, 1.5065774799846585, 1.5827320138905938, -0.17871639953089763, -0.006471294719729259, -0.006471154111251806, 1.5064714353282067, -0.007151431961720064, 2.4009827046013742E-4, 4.400389715306679E-4, 3.505127592592592, 0.1615507232732076, 658.6452249140841, 721.539474161177, 0.9128332523730452
0.00385, 0.16585289303274486, -5.092271016844099, 2.014704940707067, 1.6723952805961213, 1.7468535232105014, 0.3423096601109459, -0.006600494971308636, -0.006600308542845683, 1.5066006813997717, -0.007317948054971303, 2.625531458985213E-4, 4.548999377641457E-4, 3.5050687037037034, 0.16585874256049313, 658.6120282048665, 721.5031074872733, 0.9128332523730452
0.00395, 0.17015904832385317, -5.090672179747513, 2.064406627560548, 1.8387765783078989, 1.8041464190350789, 0.22563004925264923, -0.006714432750897558, -0.006714183011707207, 1.5067146824900879, -0.0074838439942865554, 2.8939702391776295E-4, 4.8001421947123444E-4, 3.505066851851853, 0.17016676184777868, 658.610984301284, 721.5019639009942, 0.9128332523730454
0.00405, 0.17446695617331515, -5.45520762788941, 1.5929077552510327, 1.7907511098460063, 1.8208171381701983, -0.1978433545949736, -0.006843556663628799, -0.0068433162726816415, 1.506843797054576, -0.007649135483164614, 3.1560132303549895E-4, 4.899774965003153E-4, 3.5050588888888883, 0.17447478113506423, 658.6064955284448, 721.4970464937596, 0.9128332523730452
0.00415, 0.17877929077443594, -5.499959584279138, 1.5982816666533792, 1.8704078852560193, 1.8123578005008274, -0.27212621860264014, -0.006974899728768922, -0.006974635009497479, 1.5069751644480405, -0.00781383744938025, 3.441734059123336E-4, 4.947643146989951E-4, 3.505096944444445, 0.17878280042234979, 658.6279478711871, 721.520547327769, 0.9128332523730452
0.00425, 0.18307811422810225, -5.385108803356432, 1.554692650276885, 1.7752813997277033, 1.83938753606572, -0.2205887494508182, -0.0071061603900219004, -0.007105924238634858, 1.5071063965414089, -0.007977964101083188, 3.709752210526387E-4, 5.008284900086483E-4, 3.5050323148148155, 0.1830908197096353, 658.5915157015779, 721.4806362382963, 0.9128332523730452
0.00435, 0.18738879698390976, -5.020959974454188, 2.0352417882622684, 1.9217355876914473, 1.829625003464058, 0.11350620057082114, -0.007232019734311479, -0.007231739243278371, 1.5072323002253445, -0.008141528977614635, 4.0170886603401005E-4, 5.078003772691467E-4, 3.505060555555557, 0.18739883899692086, 658.6074350373524, 721.4980757166818, 0.9128332523730454
0.00445, 0.19169590015437954, -4.961165350506709, 1.9432982953660194, 1.7587037430916475, 1.7690224834761237, 0.18459455227437188, -0.007345893569722183, -0.00734564836325159, 1.5073461387761928, -0.008304544995648857, 4.290562702678084E-4, 5.295951556588657E-4, 3.505046481481481, 0.19170685828420642, 658.5995014346703, 721.4893845316691, 0.9128332523730454
0.00455, 0.19600057921722228, -4.876082338855002, 2.009662156453369, 1.7963907461772664, 1.7866930305318292, 0.2132714102761026, -0.0074688979310202925, -0.007468630752092033, 1.5074691651099486, -0.008467024491185368, 4.5771041278942407E-4, 5.404161473756513E-4, 3.505030555555555, 0.19601487757149197, 658.5905240137381, 721.4795498538584, 0.912833252373045
0.00465, 0.20031518704345014, -4.780370480899226, 1.92943626562824, 1.7944984082089634, 1.9117845586075086, 0.13493785741927647, -0.007578709351867742, -0.0075784470009670315, 1.5075789717027686, -0.00862897925784794, 4.867372346430445E-4, 5.635326713371522E-4, 3.505065370370371, 0.20032289685877752, 658.6101491792115, 721.5010490328401, 0.9128332523730454
0.00475, 0.20461765532453927, -5.037711755469729, 1.7496057580347366, 2.0461566962793643, 2.0466437120472927, -0.2965509382446276, -0.007697143808574, -0.007696773853368539, 1.5076975137637794, -0.008790420581887746, 5.221798534739549E-4, 5.710969198397907E-4, 3.505051388888889, 0.20463091614606307, 658.6022677494233, 721.4924150027282, 0.9128332523730452
0.00485, 0.20892956851673336, -4.642678272097647, 2.079215575026231, 2.0691550793158355, 2.1005621673607116, 0.01006049571039566, -0.007819242370194289, -0.00781887169623177, 1.5078196130441568, -0.008951359274237737, 5.586973109178294E-4, 5.734195931256181E-4, 3.5050767592592584, 0.20893893543334863, 658.6165691982886, 721.5080821016513, 0.9128332523730454
0.00495, 0.21323847893771, -4.667571914792674, 2.0716491477258163, 2.1540136900306557, 2.115922523709335, -0.08236454230483951, -0.007918815367430904, -0.007918386915352012, 1.5079192438195097, -0.009111805699922376, 5.977668905763166E-4, 5.952234419151553E-4, 3.505089259259261, 0.21324695472063418, 658.6236156087173, 721.5158013761305, 0.9128332523730451
0.00505, 0.21754797343018775, -4.452672430696055, 2.230976463499247, 2.1011447652674162, 2.0881909807579597, 0.12983169823183088, -0.008042102512937136, -0.008041700997450977, 1.5080425040284233, -0.00927176980508998, 6.361308842436495E-4, 5.93536407909195E-4, 3.505095833333334, 0.21755497400791973, 658.627321518812, 721.5198611647995, 0.9128332523730452
0.00515, 0.22185773399536798, -3.9376916607352794, 2.598433022742847, 2.0970420430854837, 2.1747259794041276, 0.5013909796573635, -0.008131414815625189, -0.008131006515300628, 1.5081318231159497, -0.009431261141903164, 6.749174850072938E-4, 6.24928841270682E-4, 3.5051086111111114, 0.22186299329520526, 658.6345245951035, 721.5277520652161, 0.9128332523730454
0.00525, 0.22614699820403966, -4.558571374238683, 1.9653463123902646, 2.273711702967141, 2.316372313310181, -0.3083653905768763, -0.008230113440590462, -0.008229623169855904, 1.5082306037113251, -0.009590288891495413, 7.184303059311135E-4, 6.417451449738376E-4, 3.505016203703703, 0.2261710125824908, 658.5824339659232, 721.4706872847157, 0.9128332523730451
0.00535, 0.23046196651524883, -4.324187744315508, 2.111593906448122, 2.3832940989478155, 2.484487507012297, -0.2717001924996938, -0.00834907056591938, -0.008348536966610788, 1.508349604165228, -0.009748861885178034, 7.651384067503628E-4, 6.346529125082916E-4, 3.5050607407407424, 0.23047903186977636, 658.607539427286, 721.4981900748447, 0.9128332523730451
0.00545, 0.23476447428483205, -3.76766778570219, 2.8896433496525895, 2.6115368795430878, 2.4385123413221264, 0.27810647010950174, -0.008436578196900024, -0.00843592620687431, 1.5084372301869258, -0.009906988624061046, 8.179126682661122E-4, 6.524977588949083E-4, 3.505049444444443, 0.23478705115706192, 658.6011716615185, 721.4912142490285, 0.9128332523730455
0.00555, 0.23909539183259718, -4.378868781992539, 2.076034729610459, 2.2950572871294748, 2.2773319543168746, -0.21902255751901553, -0.008528963451526159, -0.00852844600926014, 1.5085294808937921, -0.01006467729723361, 8.638374554859786E-4, 6.718763902214729E-4, 3.505145092592594, 0.23909507044434747, 658.6550901888967, 721.5502814743274, 0.9128332523730454
0.00565, 0.24338251131522948, -3.9205774848475916, 2.31342061643685, 2.2829409870381365, 2.4586995021191353, 0.030479629398713206, -0.008645653780441494, -0.00864514054372365, 1.5086461670171594, -0.010221935798633763, 9.100300542909111E-4, 6.66251963901357E-4, 3.5050437962962953, 0.24340308973163302, 658.5979877940273, 721.4877263529831, 0.9128332523730452
0.00575, 0.2476651674976193, -3.4288378579795995, 3.0157376270500182, 2.6571649373247013, 2.562231876830789, 0.3585726897253171, -0.008716157237472644, -0.008715429125189501, 1.508716885349756, -0.010378771742723532, 9.656986796095985E-4, 6.969158256412895E-4, 3.504953888888889, 0.24771110901891857, 658.5473082685785, 721.4322074229736, 0.9128332523730454
0.00585, 0.2520030832133535, -4.170828291483878, 2.150308604399675, 2.4961190761164462, 2.4828253197793897, -0.3458104717167714, -0.008809368728688918, -0.008808733522333771, 1.508810003935044, -0.01053519247907331, 0.0010182106512176845, 7.076130991667076E-4, 3.5050827777777784, 0.2520191283062041, 658.6199619081474, 721.5117987824908, 0.9128332523730454
0.00595, 0.2563066855088854, -4.071798209139214, 2.202742490202075, 2.4951062485041318, 2.4969688859334385, -0.2923637583020564, -0.0089152996192858, -0.008914667396301363, 1.5089159318422702, -0.010691205105948764, 0.0010713089939794623, 7.045964926835024E-4, 3.505059814814815, 0.2563271475934897, 658.6070174777273, 721.4976182841508, 0.9128332523730452
0.00605, 0.26061248438870277, -3.2280597404510045, 2.823055764297376, 2.523959359472057, 2.7067665964735865, 0.2990964048253189, -0.009003782772366088, -0.009003109743759504, 1.5090044558009728, -0.010846816482984098, 0.0011256960369252576, 7.173376736927525E-4, 3.5050562962962957, 0.2606351668807752, 658.605034071922, 721.4954454822724, 0.9128332523730454
0.00615, 0.26491099227232406, -3.4123638863963994, 2.8821228893401423, 2.9147632443755014, 2.7975451987688302, -0.032640355035359045, -0.009069428118572415, -0.009068578712149286, 1.5090702775249956, -0.011002033243017245, 0.0011900141882690933, 7.425909361757372E-4, 3.505038425925926, 0.2649431861680608, 658.5949605197006, 721.4844100032348, 0.9128332523730455
0.00625, 0.26922279199955157, -3.456130266288125, 2.651317039510611, 2.711461514859292, 2.7476456566349343, -0.060144475348680934, -0.009166711146410565, -0.00916592732238082, 1.5091674949704403, -0.011156861803155095, 0.0012502221464688013, 7.399285102757293E-4, 3.505044629629629, 0.2692512054553463, 658.5984575443237, 721.4882409598899, 0.9128332523730452
0.00635, 0.2735334655247759, -2.3818653445223137, 3.540054506612509, 2.811213182648296, 2.9808555686897025, 0.7288413239642128, -0.009234446183327194, -0.009233592078819172, 1.5092353002878351, -0.011311308375130386, 0.0013134652304640543, 7.633969613391372E-4, 3.50506925925926, 0.2735592247426319, 658.6123413761572, 721.5034505633935, 0.9128332523730455
0.00645, 0.27783054503863586, -3.102081935887814, 2.988826595331789, 3.17902099697754, 3.115098720899637, -0.19019440164575094, -0.009280436839418567, -0.009279418131271807, 1.5092814555475653, -0.011465378975006083, 0.0013861700166978865, 7.987721188896281E-4, 3.5050424999999987, 0.2778672440299174, 658.5972570717885, 721.4869258538373, 0.9128332523730452
0.00655, 0.2821462741658869, -3.321059538782375, 2.769508453054984, 3.0849597160927154, 2.9946708963541164, -0.31545126303773147, -0.00938255968551898, -0.009381529790892634, 1.5093835895801453, -0.011619079432277777, 0.0014574357714532509, 7.79083975305547E-4, 3.5050684259259266, 0.282175263317203, 658.6118716192592, 721.5029359492547, 0.9128332523730454
0.00665, 0.2864494990293319, -2.898634804609925, 2.9375036083994233, 2.936213522662733, 3.0456789412958063, 0.0012900857366901983, -0.009439005751988479, -0.009438048486355106, 1.5094399630176218, -0.011772415398420118, 0.0015259103922136694, 8.074992542179689E-4, 3.505047222222224, 0.2864832826044885, 658.5999189911191, 721.4898419607205, 0.9128332523730456
0.00675, 0.29077786075615725, -2.8952682598767012, 2.9734875096791478, 3.1842603527508584, 3.2238820642746338, -0.21077284307171062, -0.009520959302730544, -0.009519906770329194, 1.5095220118351318, -0.011925392354919078, 0.0016010017879702055, 8.034312642183285E-4, 3.5051455555555555, 0.29079130189177405, 658.6553511763394, 721.5505673835469, 0.9128332523730455
0.00685, 0.2950619075881349, -2.2955860848784346, 3.5395419515010857, 3.2958631884317366, 3.3172770226197126, 0.2436787630693493, -0.009577244628529413, -0.009576105004656832, 1.509578384252402, -0.012078015620828133, 0.0016795300292424163, 8.212409630563045E-4, 3.505062129629629, 0.2950993211790596, 658.6083223521387, 721.4990477614491, 0.9128332523730452
0.00695, 0.29936874505769784, -2.735616759644842, 3.105455233504237, 3.372207107733683, 3.335546353069824, -0.26675187422944585, -0.009630565464540957, -0.009629395969368033, 1.509631734959714, -0.012230290359883128, 0.0017606809888857315, 8.390439064564405E-4, 3.505058148148148, 0.29940734046634515, 658.606077969218, 721.4965890616647, 0.9128332523730452
0.00705, 0.3036598092502012, -2.573622914440614, 3.2741732551580753, 3.333018074776237, 3.2532259139216855, -0.05884481961816165, -0.009707860707440166, -0.009706671615113151, 1.5097090497997672, -0.012382221587207578, 0.0018417112321326653, 8.32649647634747E-4, 3.504992962962963, 0.30371535975363073, 658.5693334483576, 721.456335794417, 0.9128332523730454
0.00715, 0.30798150749790226, -2.474425876873177, 3.253967072840653, 3.2065262080284818, 3.192171857087342, 0.047440864812171135, -0.009753446907087295, -0.009752307406790877, 1.5097545864073838, -0.012533814175637476, 0.001920511728669448, 8.598555398807334E-4, 3.5050423148148138, 0.30802337904091626, 658.5971526829416, 721.4868114968649, 0.9128332523730455
0.00725, 0.3122609704776839, -2.8453193209191068, 2.6917425629706506, 3.2086780125521757, 3.348761909946526, -0.516935449581525, -0.009826005840325825, -0.009824827866200037, 1.5098271838144517, -0.012685072861692175, 0.002000100336076332, 8.589666852900175E-4, 3.504940833333333, 0.31233139832820184, 658.5399492539808, 721.4241456936508, 0.9128332523730451
0.00735, 0.31659537916740565, -1.9276457028359142, 3.787526762473123, 3.519310331651957, 3.4401152134801603, 0.2682164308211659, -0.00988930089746704, -0.009887978766595952, 1.5098906230283382, -0.012836002251215829, 0.0020878320307884976, 8.588693229602898E-4, 3.5050492592592604, 0.31663941761548736, 658.601067272259, 721.4910998916044, 0.9128332523730454
0.00745, 0.3209017669366597, -1.7633042053742285, 3.6841590275944474, 3.3951964263512515, 3.5242204259245686, 0.288962601243196, -0.009918044142966681, -0.009916760168958882, 1.5099193281169745, -0.012986606824711729, 0.002173419011397886, 8.951436703471624E-4, 3.505040092592593, 0.32094743690277294, 658.5959000176371, 721.4854392141385, 0.9128332523730451
0.00755, 0.32518292672139393, -2.292528432428252, 3.124811327457081, 3.685394713099859, 3.8014441366238714, -0.5605833856427783, -0.00997349247160505, -0.009972000438435014, 1.5099749845047752, -0.013136890942390215, 0.0022667014973582547, 8.966969734269092E-4, 3.5049642592592596, 0.32525545619005847, 658.5531537660512, 721.4386111089235, 0.9128332523730452
0.00765, 0.3295017707658194, -1.7035697244833623, 3.9001656624966543, 3.9530617020432035, 3.8399576509163116, -0.05289603954654908, -0.010027504312626582, -0.010025812605432467, 1.5100291960198207, -0.013286858848949095, 0.002367223188817437, 8.921313475050752E-4, 3.5050258333333337, 0.329563475477344, 658.5878621197251, 721.4766337747102, 0.9128332523730451
0.00775, 0.3338140817080661, -0.47137339155621044, 4.950377853570334, 3.76545571354164, 3.7782588660889984, 1.184922140028694, -0.010054831934371018, -0.010053245164607746, 1.5100564187041343, -0.01343651467810408, 0.0024641876747956877, 9.174950689373737E-4, 3.505035185185186, 0.3338714947646296, 658.5931337207156, 721.4824087626138, 0.9128332523730452
0.00785, 0.3381364264102966, -1.7777082655362562, 3.6804029425810496, 3.826745318165926, 3.7313855554061712, -0.14634237558487614, -0.010050010734219031, -0.01004837875066706, 1.510051642717771, -0.013585862456885343, 0.0025634672183302487, 9.723845043360629E-4, 3.5050895370370374, 0.3381795140519151, 658.6237721961857, 721.5159729161877, 0.9128332523730452
0.00795, 0.3424489076603081, -2.0047031535449524, 3.1691302849067293, 3.672035287145391, 3.840759436634735, -0.502905002238662, -0.010139711251721643, -0.010138145213783681, 1.5101412772896596, -0.013734906109715127, 0.002659912995294547, 9.352818626989385E-4, 3.5050948148148158, 0.3424875333392006, 658.6267473628168, 721.5192321824595, 0.9128332523730451
0.00805, 0.34670058426527023, -0.8340140828203564, 4.436968360376085, 4.0430940928806045, 4.051432668457604, 0.39387426749548066, -0.010145728259114608, -0.010143938163088093, 1.5101475183551412, -0.013883649462280165, 0.0027660195404689476, 9.7190166269661E-4, 3.504924722222223, 0.34679555262648615, 658.5308679923899, 721.4141972594023, 0.9128332523730454
0.00815, 0.3510437546911148, -0.6425810946311182, 4.448197360574671, 4.097573655126252, 4.238713052110899, 0.3506237054484194, -0.010179532490888377, -0.010177683264578602, 1.510181381717198, -0.014032096245211644, 0.002874329155475582, 9.782345988476842E-4, 3.505048425925926, 0.3511035719137717, 658.6005975207215, 721.4905852833381, 0.9128332523730454
0.00825, 0.3553341694355571, -1.037804053734095, 4.2378651901625, 4.417859487808839, 4.309104837880364, -0.17999429764633823, -0.010176409246378991, -0.010174368887330636, 1.5101784496054274, -0.014180250097584534, 0.002991192382715801, 0.0010126484684897408, 3.5050164814814813, 0.35541159120105714, 658.5825905468654, 721.4708588176234, 0.9128332523730454
0.00835, 0.35966940212242265, -1.3543699020071296, 3.6874637428399337, 4.2417787878041535, 4.331404592929783, -0.5543150449642199, -0.010229083984422153, -0.010227100942066006, 1.5102310670267782, -0.014328114570247252, 0.003104841027855476, 9.941895579696231E-4, 3.5050960185185196, 0.35971961048834267, 658.6274259108471, 721.5199755252644, 0.9128332523730454
0.00845, 0.3639518262894217, -0.024927714604578703, 4.96816300225146, 4.459854096112883, 4.543439663100281, 0.5083089061385769, -0.010241075645782787, -0.010238901475892202, 1.5102432498156733, -0.014475693128991772, 0.00322462268500594, 0.0010099947982030448, 3.505033981481482, 0.3640276297756282, 658.5924551962382, 721.4816654456106, 0.9128332523730455
0.00855, 0.36822539866967546, -0.6937305096181307, 4.491694300309451, 4.667970248976598, 4.494553308122672, -0.1762759486671469, -0.010230274195121944, -0.010227936617572795, 1.510232611772671, -0.014622989157573681, 0.0033503502396489047, 0.0010423647228028322, 3.5049357407407418, 0.3683356490629137, 658.5370787312362, 721.4210010637446, 0.9128332523730454
0.00865, 0.3725633240518152, -0.8273618839889966, 3.7103187687396346, 4.364036604098981, 4.801691921244146, -0.6537178353593467, -0.010274198837716603, -0.010272052484280316, 1.510276345191153, -0.014770005960590908, 0.003469846080711438, 0.0010259610421628675, 3.5050166666666676, 0.3726436683501992, 658.5826949341744, 721.4709731729108, 0.9128332523730454
0.00875, 0.37684481046414836, 0.49966650410748414, 5.562378714731365, 5.278237834968526, 5.13188393305983, 0.2841408797628382, -0.010269777815190746, -0.010267006593175853, 1.5102725490372055, -0.014916746766229321, 0.003612095313107815, 0.0010348736379307611, 3.5049935185185186, 0.3769516876374847, 658.5696466061132, 721.4566788557098, 0.9128332523730452
0.00885, 0.3811840694801514, 0.2959484111522927, 5.077294191102139, 5.034424177836485, 5.104685006221524, 0.04287001326565435, -0.010250341519508757, -0.01024767169752398, 1.5102530113414936, -0.015063214728882815, 0.0037496911849652956, 0.0010631820244087627, 3.5050768518518525, 0.38125970692477024, 658.6166213937373, 721.5081392812607, 0.9128332523730452
0.00895, 0.3854483970643502, 0.603254211110507, 5.4097864410738445, 5.220532548480482, 5.21388202377824, 0.18925389259336253, -0.010255647319430222, -0.010252871041204807, 1.5102584235976557, -0.015209412931654936, 0.0038928183695214414, 0.0010609472427032716, 3.5049621296296305, 0.38556772621205576, 658.5519533485696, 721.4372960631815, 0.9128332523730452
0.00905, 0.3897512680812614, 0.37802875094053257, 5.240253547638543, 5.254388287327212, 5.123220228664528, -0.014134739688669743, -0.010221538252616985, -0.010218667847653604, 1.5102244086575805, -0.015355344388748719, 0.004037879585698589, 0.0010959265504331464, 3.504947407407407, 0.3898757454993413, 658.5436548502236, 721.4282051384977, 0.9128332523730456
0.00915, 0.394084170643464, 0.48372402626950506, 5.298365370072924, 5.039061985331374, 4.911123531262814, 0.25930338474154974, -0.01023759777612731, -0.010234862034549149, 1.5102403335177055, -0.015501012047750859, 0.004178922541747217, 0.0010844917298763314, 3.505013888888889, 0.39418376478662676, 658.5811291257065, 721.4692578448773, 0.9128332523730451
0.00925, 0.39839570665539, 1.0313194086553688, 5.5775579257503916, 4.827327831132292, 4.899393605027031, 0.7502300946180993, -0.010198442131655053, -0.010195845320878198, 1.5102010389424319, -0.01564641879181604, 0.004315964547830159, 0.001132012112330826, 3.5050175000000006, 0.3984917840739123, 658.5831646771984, 721.4714877718508, 0.9128332523730454
0.00935, 0.40267140738323076, 0.06765624893712444, 4.282382278571015, 5.012835896015091, 5.3625017019630565, -0.7304536174440762, -0.010188355901589076, -0.010185540185034814, 1.5101911716181433, -0.015791567441756776, 0.0044584230243230275, 0.0011447885158446724, 3.504935555555556, 0.4027998033611978, 658.5369743487477, 721.420886713738, 0.9128332523730452
0.00945, 0.4069941299229024, 0.7404237133987053, 5.251247074837881, 5.755085538884469, 5.763392296824977, -0.5038384640465883, -0.010195211783720234, -0.010191941855710023, 1.5101984817117304, -0.015936460758043863, 0.004619625998283102, 0.0011216229760405297, 3.5050224999999995, 0.40710782264848333, 658.5859831400335, 721.4745753706295, 0.9128332523730452
0.00955, 0.4112954844511143, 1.493958535038887, 6.037729882437684, 5.822017420256417, 5.731541903913567, 0.21571246218126752, -0.010153003273398117, -0.010149592011955474, 1.5101564145348407, -0.01608110144272213, 0.004783628115698219, 0.0011444700536257938, 3.5050103703703703, 0.4114158419357688, 658.5791457718772, 721.4670850999382, 0.9128332523730451
0.00965, 0.4156012771578849, 1.551454346228809, 5.990217450332514, 5.69155871657866, 5.647301753977406, 0.2986587337538538, -0.010123880518032504, -0.010120470329766759, 1.5101272907062981, -0.016225492141245933, 0.004945721176541862, 0.001155890446671568, 3.505002129629629, 0.4157238612230543, 658.5745005640196, 721.4619963196536, 0.9128332523730455
0.00975, 0.41989815538809333, 1.0750909945928397, 5.386439668201253, 5.651661980149053, 5.670434407781087, -0.2652223119478009, -0.010078926784943001, -0.010075579022796991, 1.510082274547089, -0.0163696354442386, 0.005108022422849965, 0.001182686236445635, 3.5049705555555555, 0.42003188051033985, 658.5567028349643, 721.4424990795949, 0.9128332523730452
0.00985, 0.42419382949383794, 1.1703227290479619, 5.333214378954761, 5.736916189055666, 5.857472514723782, -0.40370181010090567, -0.010072548704213594, -0.010069124533121289, 1.510075972875306, -0.016513533889179623, 0.0052734979403926945, 0.0011674872445733345, 3.5049469444444434, 0.4243398997976254, 658.5433938922863, 721.4279192616013, 0.9128332523730454
0.00995, 0.4284600466024019, 2.1163749563621397, 6.152744495997208, 6.026119360077673, 6.209308891295036, 0.12662513591953525, -0.010023047990740767, -0.010019368020964212, 1.5100267279605173, -0.0166571899620234, 0.0054470257516579, 0.001187116219624734, 3.5048548148148164, 0.4286479190849109, 658.4914646347266, 721.3710312621506, 0.9128332523730452
0.01005, 0.43282613975102, 1.6482506869165177, 6.150594549137647, 6.44301218492533, 6.096756302861054, -0.29241763578768204, -0.009971499243491316, -0.009967402835965943, 1.5099755956510168, -0.016800606098752842, 0.005631712073242538, 0.0011973947820189887, 3.5050538888888885, 0.43295593837219637, 658.6036770070866, 721.4939588308695, 0.9128332523730452
0.01015, 0.43713775896690005, 2.023125422881739, 5.906359945412529, 5.804659746020034, 6.025362101984729, 0.10170019939249507, -0.009944349817457555, -0.009940776266826615, 1.5099479233680886, -0.016943784686871168, 0.0058024518115627624, 0.0011969830578508524, 3.5050184259259267, 0.4372639576594819, 658.583686614154, 721.472059548738, 0.9128332523730454
0.01025, 0.4414196496926527, 2.866756104588304, 6.8231585947591755, 6.293401007171322, 6.372516163816457, 0.5297575875878543, -0.009874902120027363, -0.00987089844754901, 1.5098789057925057, -0.01708672806683488, 0.005985989464893404, 0.0012258364819141133, 3.504983148148148, 0.4415719769467674, 658.5638010110442, 721.4502750628443, 0.9128332523730452
0.01035, 0.4457194136151144, 2.413480244817185, 6.182293675525938, 6.5032742571169155, 6.703698016990145, -0.3209805815909775, -0.009807472296052326, -0.009803255360805063, 1.5098116892312996, -0.01722943853343086, 0.006175770357293456, 0.0012461958800850802, 3.5049729629629622, 0.44587999623405294, 658.5580598352713, 721.4439856603075, 0.9128332523730455
0.01045, 0.45001840785640446, 2.962638936674539, 6.838806726042277, 6.957293508816208, 6.993217271471956, -0.11848678277393106, -0.009759666926722175, -0.00975507507986479, 1.5097642587735796, -0.01737191833710017, 0.00637765954251449, 0.001234591867863506, 3.5049813888888903, 0.4501880155213384, 658.5628093510278, 721.4491887088864, 0.9128332523730455
0.01055, 0.45434031356132, 4.317471352028321, 8.154530152916864, 7.086148627513507, 7.086916753850006, 1.068381525403357, -0.009666016706641845, -0.009661265781837965, 1.5096707676314458, -0.01751416968521126, 0.006583985873140197, 0.0012641671054292175, 3.5050320370370374, 0.45449603480862394, 658.5913591192211, 721.4804647038386, 0.9128332523730454
0.01065, 0.458614915222351, 3.1177135122842237, 7.0474942373155125, 7.145373492769636, 6.973138256272394, -0.0978792554541232, -0.009553522854522288, -0.009548687638511112, 1.5095583580705334, -0.017656194743284816, 0.006793103307452729, 0.0013095685813097994, 3.5049557407407406, 0.45880405409590946, 658.5483521048756, 721.4333509355424, 0.912833252373045
0.01075, 0.46295614949345937, 2.265299179844754, 5.655441976317268, 6.8586060572659955, 7.176884511064324, -1.203164080948728, -0.009517156851654517, -0.00951245302512646, 1.5095218606781826, -0.01779799563617267, 0.006996752232080745, 0.0012840865524374099, 3.5050341666666665, 0.463112073383195, 658.5925595845886, 721.481779802039, 0.9128332523730454
0.01085, 0.46723969915066843, 3.1353470856634647, 7.12724733908168, 7.549661625860619, 7.204286416866671, -0.4224142867789392, -0.009445362785905995, -0.009440046428419412, 1.5094506791433926, -0.017939574449192804, 0.007218199952856164, 0.0012760117104306458, 3.5050117592592587, 0.4674200926704805, 658.5799286742288, 721.4679427618927, 0.9128332523730456
0.01095, 0.4715521991680614, 3.948367327217183, 7.510636143199363, 6.919276752811707, 6.940428593569492, 0.5913593903876558, -0.009367455055556884, -0.009362714193715106, 1.5093721959173987, -0.018080933229222492, 0.007426039464572589, 0.0012874387090930199, 3.5049861111111102, 0.471728111957766, 658.5654711775337, 721.4521047140813, 0.9128332523730454
0.01105, 0.47585240229438946, 4.430789778955405, 7.898914855774002, 7.015637756270796, 7.0565733569256155, 0.8832770995032059, -0.00925684213272525, -0.00925173724984185, 1.5092619470156086, -0.018222073985751566, 0.007637469949291929, 0.0013277619037343866, 3.5049835185185194, 0.4760361312450515, 658.5640097817015, 721.4505037690803, 0.9128332523730452
0.01115, 0.48014659667115717, 4.047503759858993, 6.8718768869822435, 7.151949118270664, 7.767243749455946, -0.28007223128841985, -0.009155900427020344, -0.009150853664255602, 1.509160947189785, -0.01836299869189749, 0.007853454291172034, 0.001353643973705113, 3.504952314814815, 0.48034415053233703, 658.5464210085928, 721.43123543824, 0.9128332523730452
0.01125, 0.48438222732350616, 4.276423836877993, 8.02849465167567, 8.437712812195372, 8.06036351317558, -0.4092181605197012, -0.009063588063555873, -0.00905729607880773, 1.509069880048304, -0.018503709285384057, 0.008101451172709682, 0.0013386700491185017, 3.504864351851853, 0.48465216981962256, 658.4968400995377, 721.3769200318652, 0.9128332523730454
0.01135, 0.48876422821231413, 4.510659240216235, 7.7187905254249, 7.749127216930986, 7.844697086226693, -0.030336691506085266, -0.008951716229301802, -0.008945943674186177, 1.5089574887844175, -0.018644207669485255, 0.00833458761574225, 0.0013579038244412036, 3.5050123148148145, 0.488960189106908, 658.580241835343, 721.468285826865, 0.9128332523730454
0.01145, 0.49303075340284397, 5.031069645284175, 8.048861449572534, 7.999730631442412, 8.21892420851088, 0.049130818130122086, -0.00884821994915081, -0.008842336326646235, 1.5088541035716554, -0.018784495713935898, 0.008575126365294663, 0.0013611493994904267, 3.5049207407407406, 0.49326820839419355, 658.5286237854361, 721.411738752388, 0.9128332523730455
0.01155, 0.49732882337931295, 5.335649783901615, 8.655737045525, 8.49925080419445, 8.338539441415936, 0.15648624133054923, -0.008711500348375832, -0.008705043667671407, 1.5087179570290803, -0.01892457525581041, 0.008829049723862028, 0.0013840251835725492, 3.504945185185186, 0.4975762276814791, 658.5424022527559, 721.4268329300859, 0.9128332523730454
0.01165, 0.5016187032896171, 4.87312355848723, 8.129504574200066, 8.242756657028803, 8.07619110575336, -0.11325208282873603, -0.008593461437836266, -0.008587119581961124, 1.5085998032937113, -0.01906444810037122, 0.009078399791349891, 0.0013925868711850615, 3.504882777777778, 0.5018842469687645, 658.5072257891691, 721.3882974544168, 0.9128332523730451
0.01175, 0.5059896542490016, 5.921264239590299, 8.791176457951748, 7.9717951395166775, 8.124535215931898, 0.8193813184350707, -0.00847882583758659, -0.008472777614946823, 1.5084848740602264, -0.019204116021887943, 0.009322765318618139, 0.0014025248656832135, 3.5050155555555556, 0.5061922662560501, 658.5820686104892, 721.4702870413707, 0.9128332523730455
0.01185, 0.5102782025185981, 5.197927940917894, 8.248992776693465, 8.336609719066336, 8.223274410555089, -0.0876169423728724, -0.008310741895911045, -0.008304281967441573, 1.5083172018243804, -0.0193435807644288, 0.00957725665752966, 0.001455582210988094, 3.5049960185185194, 0.5105002855433356, 658.5710558172424, 721.4582226328735, 0.9128332523730451
0.01195, 0.514582874360493, 5.557662551344576, 8.041435336635073, 8.17185142034844, 8.573147798349314, -0.13041608371336713, -0.008230643059896821, -0.008224274474936828, 1.508237011644857, -0.01948284404262516, 0.009829292729517191, 0.0014229082532111485, 3.504986574074074, 0.5148083048306211, 658.5657321413034, 721.4523905973673, 0.9128332523730454
0.01205, 0.5188243303841756, 5.567337880705432, 8.74221602630635, 9.034459669407516, 8.656308499182073, -0.2922436431011668, -0.008045383055786084, -0.008038215998458813, 1.5080525501131135, -0.01962190754241065, 0.01010335482088049, 0.0014731696657440728, 3.504894907407407, 0.5191163241179066, 658.5140626595349, 721.3957871797835, 0.9128332523730452
0.01215, 0.5231472945386755, 5.318800545188546, 7.830009714294309, 8.344833342810666, 8.579558875700563, -0.5148236285163575, -0.007964822256823713, -0.007958146376165194, 1.5079714981374823, -0.019760772921735607, 0.010362545069007736, 0.0014334055959041585, 3.5048891666666666, 0.5234243434051922, 658.5108268829292, 721.3922424178048, 0.9128332523730455
0.01225, 0.5274788769891966, 6.8835494468504885, 9.588439714918156, 8.874735711823545, 8.83407382628122, 0.7137040030946108, -0.007791429036360096, -0.007784282494881464, 1.5077985755778387, -0.01989944181125809, 0.010635828972901542, 0.0014721838019964514, 3.5049800000000007, 0.5277323626924777, 658.562026462243, 721.4483310617941, 0.9128332523730452
0.01235, 0.5317627117432727, 6.8140859974213885, 9.446004602444283, 8.85769549757018, 8.815768351518852, 0.5883091048741023, -0.007636156980678592, -0.007628988660302493, 1.5076433253010546, -0.020037915815012255, 0.010910240728520263, 0.001491518105813399, 3.5049286111111115, 0.5320403819797632, 658.5330600134058, 721.4165985972263, 0.9128332523730454
0.01245, 0.5360862792189056, 6.148784758496971, 8.582961701787992, 8.83746627022526, 8.915255455505182, -0.2545045684372685, -0.007466080395617232, -0.007458846509687698, 1.5074733142815469, -0.02017619651105515, 0.011185688483444063, 0.0015244276319938551, 3.5049657407407406, 0.5363484012670486, 658.5539888399423, 721.4395259242951, 0.9128332523730455
0.01255, 0.5403845583990856, 5.944834805181088, 8.386184349819448, 9.055996177092325, 9.065374554034232, -0.6698118272728764, -0.007342574134181722, -0.0073350437651380634, 1.5073501045032254, -0.020314285452092677, 0.011467856112828329, 0.0015038552050826268, 3.504967129629631, 0.5406564205543342, 658.5547717223574, 721.4403835644097, 0.9128332523730452
0.01265, 0.5446991220078552, 7.535466872598815, 9.417036560235678, 9.138944135574615, 9.635636046597691, 0.27809242466106227, -0.007182235442084437, -0.007174663224367859, 1.507189807659801, -0.020452184166085643, 0.011753536430981603, 0.001516412293019604, 3.5049831481481495, 0.5449644398416197, 658.5638010110449, 721.4502750628451, 0.9128332523730451
0.01275, 0.548927964327422, 7.909364846196495, 10.785023136588283, 10.196667436953472, 9.615090711896913, 0.5883556996348106, -0.006982782093797924, -0.006974034382962433, 1.5069915298046335, -0.020589894156836593, 0.012066004024836322, 0.0015411080382023458, 3.504888148148148, 0.5492724591289052, 658.5102527946383, 721.3916135096343, 0.9128332523730451
0.01285, 0.5532779230006782, 6.914859508914002, 8.86844472629112, 9.105644711836064, 9.37020223399795, -0.23719998554494445, -0.006804591088487605, -0.006796881692899926, 1.5068123004840752, -0.02072741690455829, 0.012354147363946626, 0.0015686784521240626, 3.504918796296298, 0.5535804784161907, 658.5275277792433, 721.4105380882033, 0.9128332523730452
0.01295, 0.557538222152006, 7.07468150503943, 9.316566039728077, 9.697838703333774, 9.607812549904363, -0.38127266360569834, -0.006652621872309026, -0.006644340459488319, 1.5066609032851297, -0.020864753866424474, 0.012657934192146508, 0.0015541978019689383, 3.5048539814814803, 0.5578884977034763, 658.4909949353062, 721.3705167109778, 0.9128332523730455
0.01305, 0.5618713267801426, 7.233299508452205, 9.16872845575373, 9.584951174107056, 9.725246051648169, -0.41622271835332614, -0.006466799928789254, -0.006458683812493931, 1.5064749160450845, -0.02100190647710357, 0.012960629470057187, 0.0015744770782571277, 3.5049050925925926, 0.5621965169907618, 658.5198035795996, 721.402076302194, 0.9128332523730454
0.01315, 0.5661566982326272, 7.676134850366835, 9.358848821339299, 9.931325995657707, 10.257730213133543, -0.5724771743184074, -0.006307257260818723, -0.006298754535041832, 1.5063157599865955, -0.021138876149276113, 0.01327316434049622, 0.0015584545479611703, 3.504877962962963, 0.5665045362780473, 658.5045119300829, 721.3853244480334, 0.9128332523730454
0.01325, 0.5704178145900254, 8.73258310830072, 11.151980010550297, 10.652053259473856, 10.161182169772509, 0.49992675107644113, -0.0061002914872065, -0.006090809004870362, 1.5061097739695426, -0.021275664274136373, 0.013604526749535292, 0.0015708460373945814, 3.504835833333334, 0.5708125555653328, 658.4807659811357, 721.359310990608, 0.9128332523730452
0.01335, 0.5748080562102859, 9.147818439478463, 10.569242089705144, 9.743156765048337, 10.169926797036819, 0.8260853246568075, -0.005890307130524668, -0.005881819897941624, 1.5058987943631077, -0.021412272221878866, 0.013915929915724407, 0.0016060351756297909, 3.5049477777777778, 0.5751205748526182, 658.543863616623, 721.4284338400693, 0.9128332523730456
0.01345, 0.5790930793018138, 8.35687554746305, 10.270035372573888, 10.66218863999966, 10.512850484617418, -0.39215326742577217, -0.005663515330261444, -0.005653935261913368, 1.5056730953986095, -0.02154870134217026, 0.014250836853594434, 0.0016343491583143829, 3.5049709259259267, 0.5794285941399038, 658.5569116041216, 721.4427277841877, 0.9128332523730454
0.01355, 0.5833928691240017, 8.781024882589636, 10.204020372751213, 10.435350162989874, 10.709919890929424, -0.2313297902386601, -0.005491295714869908, -0.005481953237752283, 1.5055006381919875, -0.02168495296460727, 0.014582043423680994, 0.001611613826056368, 3.504939166666667, 0.5837366134271893, 658.5390098092553, 721.4231165410393, 0.912833252373045
0.01365, 0.5876298734863464, 9.848807274365303, 11.363040680034345, 11.054123199407469, 11.149208084260442, 0.30891748062687624, -0.005244252275618323, -0.005234304276387476, 1.5052542002748492, -0.02182102839916103, 0.014929684491159419, 0.0016470916323832862, 3.5048352777777767, 0.5880446327144748, 658.4804528515558, 721.3589679601813, 0.9128332523730455
0.01375, 0.591948874231852, 8.894574406698611, 10.54561583141551, 11.317949549328777, 11.19652597633591, -0.7723337179132663, -0.005021049806487512, -0.005010573464619885, 1.5050315261483551, -0.02195692893660845, 0.015285382370118901, 0.0016504967600020374, 3.5048903703703718, 0.5923526520017603, 658.5115053513401, 721.3929856733876, 0.9128332523730455
0.01385, 0.596246472645954, 8.831937589628266, 10.024829813043734, 11.150142036429246, 11.414887215253842, -1.125312223385512, -0.004819567630560899, -0.00480930357062246, 1.5048298316904993, -0.022092655848950992, 0.01563886557908351, 0.0016342226393065845, 3.5048614814814822, 0.5966606712890459, 658.495222238119, 721.3751476803272, 0.9128332523730454
0.01395, 0.6005520964671021, 11.385941682840308, 12.743958246733575, 11.75291861816851, 11.775967015234935, 0.9910396285650649, -0.004599355849146974, -0.004588346798005828, 1.5046103649002882, -0.02222821038982138, 0.016008488598656355, 0.0016203659420180503, 3.504895555555555, 0.6009686905763314, 658.5144279898177, 721.3961873955751, 0.9128332523730454
0.01405, 0.6048324194805672, 11.09842487080293, 12.69240098189502, 11.876097266195181, 11.556931686874973, 0.816303715699838, -0.0042759289603868725, -0.004264731805218337, 1.5042871261155555, -0.02236359379487865, 0.01638289248554721, 0.0017047723489445688, 3.5048596296296295, 0.6052767098636169, 658.4941784579644, 721.3740042292621, 0.9128332523730455
0.01415, 0.6091907955448168, 10.662742312889305, 11.279666751124052, 11.315176052509798, 11.90292790702895, -0.03550930138574529, -0.0040694450955302795, -0.004058975810418766, 1.5040799143806418, -0.022498807282191943, 0.016745753391169207, 0.0016836087954924565, 3.5049214814814804, 0.6095847291509024, 658.5290413119245, 721.4121961486184, 0.9128332523730451
0.01425, 0.6134072102124292, 10.56514778076222, 11.917766395091984, 12.56357853223702, 12.318225731510326, -0.6458121371450354, -0.00376682051658344, -0.003754777854348069, 1.5037788631788187, -0.02263385205261343, 0.017140158040588795, 0.0017268734954411944, 3.5048327777777786, 0.6138927484381879, 658.4790437696793, 721.3574243246128, 0.9128332523730454
0.01435, 0.6177545083391397, 10.693841713693148, 11.240407052278925, 12.15402085030835, 12.648092330163767, -0.9136137980294263, -0.0035649964473888768, -0.003553357588302764, 1.503576635306475, -0.0227687292901408, 0.017526722484451432, 0.0016770103583004928, 3.504883796296296, 0.6182007677254734, 658.5077998757002, 721.3889263606595, 0.9128332523730455
0.01445, 0.6220366716559418, 13.788005494985105, 14.69028013673828, 13.219892178314408, 13.261546109725646, 1.4703879584238717, -0.003256227185770469, -0.0032433709748680845, 1.5032690833966729, -0.02290344016226965, 0.01794058836000178, 0.0017066246164974003, 3.5049081481481483, 0.6225087870127589, 658.5215258621253, 721.403963046045, 0.9128332523730451
0.01455, 0.6263762153602133, 13.482632544029972, 14.198928470339172, 13.387766769014585, 13.508277416525615, 0.8111617013245889, -0.0029066676784173483, -0.0028936135559636186, 1.502919721800871, -0.02303798582033604, 0.018360480828105968, 0.0017708373138127223, 3.504984722222223, 0.6268168063000444, 658.5646882866408, 721.4512470646794, 0.9128332523730455
0.01465, 0.6305646798683853, 12.463706153001956, 13.201439500245948, 13.713927354545364, 13.723172833153964, -0.5124878542994146, -0.002612478901188261, -0.0025989628097992934, 1.5026259949925773, -0.02317236739984976, 0.018790192357464874, 0.001769696141196625, 3.504782037037038, 0.63112482558733, 658.4504450608247, 721.3260947156397, 0.9128332523730452
0.01475, 0.634916649988793, 13.10532870558011, 13.647533561616353, 13.819202798824278, 13.933458476024024, -0.17166923720792593, -0.0023115695453688086, -0.0022977757733244446, 1.5023253633174132, -0.02330658602081838, 0.019224488979940193, 0.0017705274955093768, 3.5048797222222237, 0.6354328448746155, 658.5055035315777, 721.3864107378811, 0.9128332523730456
0.01485, 0.6391585648320812, 13.493200715666141, 13.426717528868874, 14.134624002707433, 14.76152284777843, -0.7079064738385589, -0.0019867455478871053, -0.001972664852361205, 1.502000826243413, -0.02344064278806259, 0.019668390548800912, 0.0017855066913745712, 3.5047783333333347, 0.639740864161901, 658.4483575962557, 721.3238079183923, 0.9128332523730451
0.01495, 0.6434676523857985, 14.427438392662324, 15.270273638535272, 15.476870339332596, 15.101202398503567, -0.20659670079732373, -0.0016673166677599986, -0.0016514673836252915, 1.5016831659518948, -0.023574538791522978, 0.02014644744445439, 0.0017607746793085897, 3.5048714814814814, 0.6440488834491865, 658.5008586700105, 721.3813223369547, 0.9128332523730454
0.01505, 0.6477505528725076, 15.380040216765055, 15.505735971675689, 14.822369710780686, 15.057915374826736, 0.6833662608950031, -0.0012978861069833057, -0.0012829080356016875, 1.5013128641783648, -0.023708275106558686, 0.02061119105994386, 0.0017991979396315225, 3.504790185185185, 0.6483569027364721, 658.455037498406, 721.3311256865967, 0.9128332523730454
0.01515, 0.6520403435027863, 15.755846662201025, 15.478686437373572, 15.385304026984462, 15.920427400014933, 0.09338241038911008, -9.329738401249073E-4, -9.173061939545396E-4, 1.5009486414862954, -0.02384185279423803, 0.02109156633212425, 0.0018173126219888725, 3.504792870370371, 0.6526649220237575, 658.4565509200149, 721.332783625333, 0.9128332523730454
0.01525, 0.6562633309263969, 15.856384779082376, 15.757944914131294, 16.550503274873783, 16.79881281657547, -0.7925583607424898, -5.455998433171357E-4, -5.283810113684492E-4, 1.5005628186752658, -0.023975272901621523, 0.021602025511306664, 0.0018276475469977248, 3.504726111111112, 0.656972941311043, 658.4189248154961, 721.2915645917132, 0.9128332523730455
0.01535, 0.6605747705336781, 16.589749892085646, 16.61790160821425, 17.149092871555084, 17.168945279598116, -0.5311912633408319, -1.758872349774919E-4, -1.5779393289085814E-4, 1.500193980537064, -0.024108536462037443, 0.022129209331154025, 0.0018034398959059267, 3.5047802777777783, 0.6612809605983285, 658.449453514604, 721.3250084863442, 0.9128332523730451
0.01545, 0.6648364176099915, 17.353861789962682, 17.24042673876775, 17.294003504394077, 17.34061403631536, -0.0535767656263273, 2.465023666779649E-4, 2.6475062957137876E-4, 1.4997717458962154, -0.024241644495350212, 0.022662364241396556, 0.001825782620631621, 3.504716296296297, 0.665588979885614, 658.4133932205733, 721.2855047829711, 0.9128332523730455
0.01555, 0.6691553028944505, 18.74360549548973, 18.297732022532603, 17.49268737409038, 17.76274667029482, 0.8050446484422223, 6.526986307043466E-4, 6.710273428917682E-4, 1.499365630081483, -0.024374598008221858, 0.0232027801186649, 0.0018245165202613032, 3.504744537037037, 0.6698969991728996, 658.4293096858695, 721.3029411167757, 0.9128332523730451
0.01565, 0.6734560551128959, 19.2459539299887, 18.62565451836976, 18.138868264725165, 18.45366216193402, 0.4867862536445938, 0.0011414436064694465, 0.0011608339216287872, 1.49887794670869, -0.02450739799436671, 0.023761154479220392, 0.0018876871216157653, 3.5047808333333337, 0.6742050184601851, 658.4497666343556, 721.3253515060037, 0.9128332523730455
0.01575, 0.6777376877658406, 20.1509050954216, 19.382418398763072, 18.877969594380815, 19.228481523065632, 0.5044488043822577, 0.001571625241447324, 0.0015917035270465348, 1.498448453044152, -0.0246400454347996, 0.02433978802735525, 0.0018718826488916716, 3.5047831481481477, 0.6785130377474706, 658.4510713010551, 721.3267807557556, 0.9128332523730455
0.01585, 0.6819862956902792, 20.153923929585563, 19.32210205270544, 19.692504369809726, 19.968405510825264, -0.3704023171042866, 0.002103578452583049, 0.0021248691774760284, 1.49791771227231, -0.024772541298077797, 0.024940577034420187, 0.0019355427162406596, 3.504745185185185, 0.6828210570347562, 658.4296749848055, 721.3033412982272, 0.9128332523730454
0.01595, 0.6862375943705027, 21.422603753787644, 20.56447934328473, 20.362240433353836, 20.55491727592911, 0.20223890993089583, 0.0025339042262747975, 0.002556090243866632, 1.497488281791317, -0.024904886540536773, 0.025560170273889904, 0.0018786204929216652, 3.5046906481481486, 0.6871290763220417, 658.3989381612399, 721.2696694052657, 0.9128332523730454
0.01605, 0.6904689235116233, 21.968441141418907, 20.69324744609228, 20.868987475453416, 21.32823938108736, -0.17574002936113672, 0.003126432436977338, 0.0031491452096583834, 1.4968962803357038, -0.025037082106520097, 0.02619475926077927, 0.001968755282718165, 3.504594722222222, 0.6914370956093272, 658.3448770710088, 721.2104460037402, 0.9128332523730454
0.01615, 0.6947759592554068, 22.458433581785414, 20.98117399766697, 21.91128560121051, 22.459283375371736, -0.9301116035435364, 0.003582820026178851, 0.0036068485258257156, 1.496441208473468, -0.02516912892860358, 0.026857186654063708, 0.001894762300718721, 3.5046687962962966, 0.6957451148966127, 658.3866228263394, 721.2561780749834, 0.9128332523730452
0.01625, 0.6990545007799011, 25.221958849008114, 23.900041284647994, 23.136762794123097, 23.37636936038926, 0.7632784905248978, 0.004198743652569989, 0.004224587250063829, 1.495827099944924, -0.025301027927813892, 0.02755196130684933, 0.0019478102735345517, 3.504702222222223, 0.7000531341838983, 658.4054611762604, 721.2768153051368, 0.9128332523730454
0.01635, 0.7033257096010117, 26.35862388678654, 24.64524666150268, 23.75220215923475, 24.239159123782876, 0.8930445022679313, 0.004787079853762855, 0.0048135846371174275, 1.4952394249295917, -0.025432780013841767, 0.02826468065394865, 0.0019551792136559736, 3.504682129629629, 0.7043611534711838, 658.3941372497084, 721.2644100531124, 0.9128332523730452
0.01645, 0.7075662150735689, 27.576113316692815, 25.656210743049627, 24.865273288081855, 25.395553992824883, 0.7909374549677715, 0.0054572752379746445, 0.005485170096665156, 1.4945706196207158, -0.02556438608525003, 0.02900729475030437, 0.0020143665729203068, 3.5046472222222222, 0.7086691727584693, 658.3744641929633, 721.2428584097055, 0.9128332523730454
0.01655, 0.7117903272925256, 26.853520951460784, 24.745861138580203, 26.070912346735845, 26.633726530717695, -1.325051208155642, 0.006103742277447026, 0.00613334647498227, 1.4939258619200881, -0.025695847029676498, 0.029782154832775087, 0.0020174344743484375, 3.5045965740740743, 0.7129771920457547, 658.3459206933852, 721.2115892819609, 0.9128332523730452
0.01665, 0.7159751500798218, 29.92983162684866, 27.353192349444544, 27.348026589906755, 28.229171263661577, 0.005165759537787517, 0.006739436417628673, 0.006770569422640482, 1.493291696587383, -0.025827163724032095, 0.030591120230827024, 0.001975479910833743, 3.5044751851851865, 0.7172852113330402, 658.2775135799479, 721.1366499507527, 0.9128332523730454
0.01675, 0.7202816092669562, 32.44986736416355, 29.958169647812785, 29.268562343362074, 29.876489153078097, 0.6896073044507093, 0.007532786472243359, 0.007566356511927167, 1.4925007835674404, -0.025958337034694027, 0.031449712897320944, 0.00204141060961644, 3.5045903703703702, 0.7215932306203258, 658.3424245627659, 721.2077593046783, 0.9128332523730452
0.01685, 0.7244829760412301, 33.59590456935884, 30.73971444447667, 30.653183499172926, 31.44884188448473, 0.0865309453037448, 0.008288803455733573, 0.008324209932520359, 1.491746603021053, -0.026089367817694574, 0.0323453899871506, 0.0020327812862775472, 3.5045213888888886, 0.7259012499076113, 658.3035505115122, 721.1651731574793, 0.9128332523730452
0.01695, 0.7286674844553364, 36.494900420166445, 33.44199462540796, 32.42048355465862, 33.21543390551689, 1.0215110707493378, 0.009136872756200475, 0.009174450040696235, 1.4909007045282954, -0.026220256918905182, 0.03328745954939692, 0.002069670125708736, 3.504435370370369, 0.7302092691948968, 658.2550774962392, 721.1120714380284, 0.9128332523730454
0.01705, 0.7328387130725557, 38.192295695522326, 34.42168205222225, 34.19575584076858, 35.50191546318348, 0.22592621145367625, 0.010031306595588367, 0.01007140183592203, 1.4900087886447453, -0.026351005174216336, 0.03427633603618826, 0.002105975733616444, 3.5043375925925924, 0.7345172884821823, 658.1999808120873, 721.0517135533778, 0.9128332523730454
0.01715, 0.7370331068636174, 39.219909635203294, 35.58347972991576, 37.00277160079308, 37.962186633781144, -1.4192918708773246, 0.010960420550591383, 0.011004378697075878, 1.489083537595893, -0.026481613409713202, 0.03533687312493073, 0.0021051608353738543, 3.5043452777777775, 0.7388253077694679, 658.2043112166511, 721.0564574696983, 0.9128332523730454
0.01725, 0.7412691302549028, 44.15712452820158, 39.74051110764408, 39.13153036414946, 40.657539488097164, 0.6089807434946202, 0.011903919341406385, 0.01195045710033038, 1.4881426184175177, -0.02661208244184712, 0.03645324226413169, 0.002062759519121813, 3.5043666666666664, 0.7431333270567534, 658.2163634064527, 721.0696605270698, 0.9128332523730452
0.01735, 0.7453798721540141, 47.01449527771148, 42.35505866891651, 42.40460096198248, 43.90886575026681, -0.049542293065970765, 0.01306876794300768, 0.013119932938080628, 1.4869823970520653, -0.02674241307760318, 0.03765302744416891, 0.0021581535764419535, 3.5042778703703723, 0.7474413463440389, 658.1663295203126, 721.0148488886791, 0.9128332523730451
0.01745, 0.749536204608067, 50.373563568271614, 45.30819268581957, 45.65177377176284, 47.32082234593581, -0.34358108594327247, 0.014148696137531891, 0.014204433054840565, 1.4859070407797768, -0.026872606114663886, 0.03893603035229876, 0.0020852718998970138, 3.5042556481481486, 0.7517493656313243, 658.1538084022169, 721.0011321248961, 0.9128332523730456
0.01755, 0.7536487886409435, 56.75400815772253, 50.82998605406056, 49.24575501049218, 51.476503900805604, 1.5842310435683784, 0.015473928435920953, 0.015534780258995975, 1.484586923387154, -0.02700266234156909, 0.04031094202503358, 0.0021656487524564613, 3.504190092592593, 0.7560573849186099, 658.1168720290653, 720.9606686853191, 0.9128332523730452
0.01765, 0.757612395472662, 61.01432056842801, 54.701735689538566, 53.98215737807363, 56.29380021768139, 0.7195783114649381, 0.01685850041910568, 0.016926786055442268, 1.483209785217231, -0.027132582537872315, 0.041805489838743166, 0.0021855931182348273, 3.5039929629629634, 0.7603654042058954, 658.0058103854151, 720.8390017287729, 0.9128332523730454
0.01775, 0.7617170100856854, 65.62366581753604, 58.974103091263956, 58.90562525206615, 61.21604374859006, 0.06847783919780616, 0.0183871476512786, 0.018462993904395965, 1.4816886986018387, -0.027262367474293447, 0.043424743111866795, 0.002224772013705251, 3.504016296296296, 0.7646734234931809, 658.0189555925924, 720.8534021761088, 0.9128332523730455
0.01785, 0.7656926572345499, 72.7427711770771, 65.19004733009291, 63.852691119773034, 66.71402218160964, 1.3373562103198797, 0.01999179965870713, 0.020074948547518633, 1.4800913492301044, -0.02739201791286808, 0.04516988702368466, 0.0022139305478905543, 3.5038405555555543, 0.7689814427804664, 657.9199535368302, 720.7449463814664, 0.9128332523730455
0.01795, 0.7696547306861196, 80.87379457258747, 72.53383679191528, 69.92746916008385, 73.16612524940912, 2.6063676318314384, 0.02186035913338894, 0.02195347218201445, 1.4782327539152367, -0.027521534607093456, 0.04706846172679885, 0.002313432013683547, 3.503744722222222, 0.773289462067752, 657.8659708255158, 720.6858088432863, 0.9128332523730452
0.01805, 0.773471472179072, 86.77570955730903, 77.91317092777307, 76.78877838141035, 80.11579783288495, 1.124392546362717, 0.02385323891055487, 0.023958468589655006, 1.4762519907685452, -0.02765091830207117, 0.04914000537583261, 0.0023641518367934307, 3.5035094444444432, 0.7775974813550375, 657.7334518814349, 720.540635621631, 0.9128332523730455
0.01815, 0.7773896517658793, 95.46804640787425, 85.66290880335048, 83.86269971306587, 87.6665420947623, 1.8002090902846108, 0.02600359406829465, 0.026120959176551144, 1.4741137710399619, -0.02778016973464672, 0.05139045041151971, 0.002393313391421658, 3.5034394444444437, 0.781905500642323, 657.6940281928764, 720.4974473520803, 0.9128332523730454
0.01825, 0.7811413558687612, 105.31549092701867, 94.67372616883296, 91.92692827653083, 96.04761185896224, 2.746797892302127, 0.028411502358496765, 0.028544298133626328, 1.4717212934166328, -0.027909289633545963, 0.05384431390329946, 0.0024764780887432673, 3.5032249999999996, 0.7862135199296085, 657.5732638411935, 720.3651511727189, 0.9128332523730454
0.01835, 0.7848721233164052, 113.2592974441302, 101.891794106208, 100.66652518537524, 104.95028969601766, 1.2252689208327618, 0.031032038357850053, 0.031182622774115445, 1.4691185460584153, -0.02803827871950862, 0.05651871426136269, 0.0025516028159959787, 3.503046944444445, 0.7905215392168939, 657.4730031197582, 720.2553165220043, 0.9128332523730451
0.01845, 0.7885672776487692, 125.4723643343261, 113.17774143429305, 109.77719603328525, 114.39368386901846, 3.4005454010078005, 0.03381923547030134, 0.03398894572776147, 1.4663504747871587, -0.0281671377054188, 0.05942358242045117, 0.002562790755268977, 3.502875740740741, 0.7948295585041795, 657.3766101962118, 720.1497190064713, 0.9128332523730452
0.01855, 0.7922178171191508, 136.72844864997367, 123.59038173788896, 119.59975000303601, 124.37765080586236, 3.9906317348529514, 0.03702290245942062, 0.037215190534461484, 1.4631693856156203, -0.02829586729643275, 0.06257702192732734, 0.0027417478285260313, 3.502731388888888, 0.799137577791465, 657.2953430081019, 720.0606915878285, 0.9128332523730455
0.01865, 0.7958071607073909, 146.41135292614524, 132.42198412090286, 129.79490336072655, 134.72221947776086, 2.627080760176313, 0.04034753800948025, 0.04056412130370816, 1.4598690452847476, -0.028424468190103875, 0.06598911619082863, 0.002782890008755498, 3.5025524999999997, 0.8034455970787505, 657.194641456489, 719.9503740119173, 0.9128332523730454
0.01875, 0.7993652911473749, 161.3409647093202, 146.2837456680612, 140.3401248889563, 145.5646317771291, 5.943620779104884, 0.04401352962231104, 0.044256361125104775, 1.4562293018804826, -0.028552941076504974, 0.0696694456791342, 0.0028970250196818093, 3.502380648148147, 0.807753616366036, 657.0979109364974, 719.8444066627436, 0.9128332523730455
0.01885, 0.8027369807062352, 172.12004965662265, 156.21764931173965, 151.53228599804527, 156.75694223018854, 4.685363313694385, 0.04805100162649126, 0.048325560413142135, 1.4522235571601596, -0.02868128663834799, 0.07363470966781634, 0.003097578597022911, 3.502075370370371, 0.8120616356533216, 656.9261021646647, 719.656191814757, 0.9128332523730452
0.01895, 0.8061855755816306, 186.8248835363724, 170.09007583488338, 162.78017822890052, 167.96947860902506, 7.309897605982841, 0.05223165663473323, 0.05253808940890217, 1.4480747761394357, -0.028809505551101112, 0.07788756199127969, 0.003153600194554653, 3.5018859259259263, 0.8163696549406071, 656.8194988606857, 719.5394089262043, 0.9128332523730454
0.01905, 0.8095290959987647, 199.90616407931134, 181.84331013256377, 174.0125002462943, 179.54829623184966, 7.830809886269473, 0.056971232738705656, 0.05731060696546707, 1.4433681414880557, -0.028937598483103486, 0.08242894734417784, 0.0034798838776312997, 3.5015743518518523, 0.8206776742278926, 656.6441964174815, 719.3473667950171, 0.9128332523730452
0.01915, 0.8128684910053139, 209.4002334235453, 190.32849971174983, 185.99229431843727, 191.55130753549196, 4.336205393312543, 0.0617764728850618, 0.062154554281595234, 1.4386016085114717, -0.02906556609567749, 0.08727801094170246, 0.0035640280390368405, 3.5013875925925917, 0.8249856935151781, 656.539134096326, 719.2322720382451, 0.9128332523730451
0.01925, 0.8161749777050867, 226.61620070708946, 206.500402831587, 198.07633795525518, 203.61964223312532, 8.424064876331805, 0.06696935740889184, 0.0673878956121984, 1.4334491807944147, -0.02919340904323863, 0.09243862179276617, 0.0037241446593643045, 3.501201481481482, 0.8292937128024636, 656.4344475429278, 719.1175889314169, 0.9128332523730451
0.01935, 0.8194023770170951, 239.32995488183022, 217.84896496561097, 210.1867196951793, 215.95236911965245, 7.662245270431675, 0.07259659944323331, 0.07305719784674544, 1.4278639989602788, -0.02932112797340321, 0.09791278749575583, 0.004004939920880691, 3.5009256481481486, 0.8336017320897491, 656.2793131655623, 718.9476407213112, 0.9128332523730454
0.01945, 0.8226283586065842, 253.27746684928144, 230.74284985237054, 222.7990868629674, 228.45007950917957, 7.943762989403114, 0.07839652101371292, 0.07890429741390746, 1.4221112553864816, -0.02944872352709372, 0.10371385989058642, 0.004131384650220214, 3.5007669444444462, 0.8379097513770346, 656.1900659949265, 718.8498713089857, 0.9128332523730454
0.01955, 0.8257601964461965, 267.03316301606395, 243.03327120195016, 235.24142735777494, 241.0956755521286, 7.791843844175208, 0.08468970769009035, 0.08524540277713338, 1.4158659873969526, -0.029576196338642113, 0.10983919525952514, 0.0044267087692073225, 3.5004903703703705, 0.8422177706643201, 656.0345536527875, 718.6795090421263, 0.9128332523730452
0.01965, 0.8288878937167695, 285.76172054587727, 260.79868883530827, 248.14808961532145, 253.68144564668015, 12.650599219986827, 0.09114641537275406, 0.09175515463459866, 1.4094623238890907, -0.02970354703589093, 0.11630125859613018, 0.004548703812514803, 3.5003034259259254, 0.8465257899516057, 655.9294522647643, 718.5643714879781, 0.9128332523730456
0.01975, 0.8318615169134003, 301.2592735129326, 274.47698608221447, 260.47255277022964, 266.39916031543817, 14.004433311984851, 0.09833382480148671, 0.09899403282553651, 1.402326383222563, -0.029830776240292345, 0.12308757341306908, 0.00507702762870997, 3.4998650925925916, 0.8508338092388912, 655.6830624194034, 718.2944537952119, 0.9128332523730454
0.01985, 0.8349424911481347, 313.0486106256855, 284.9553876724149, 273.6395529379647, 279.4635072436947, 11.315834734450167, 0.10553048613231102, 0.10624899686809855, 1.3951880246034765, -0.029957884567005308, 0.1302195915127483, 0.005268779186568014, 3.4997178703703704, 0.8551418285261767, 655.6003217527493, 718.2038121950742, 0.9128332523730452
