Number of particles: 108
dryVolFracMax: 0.02
dryVolFracIncrement: 1.0E-4
Initial configuration: FCC
Dry microgel radius [nm]: 50.0
Box length [units of dry radius]: 28.257430141958103
Number of monomers: 2916666.666666667
Number of chains: 87.50000000000001
Flory interaction parameter (chi): 0.0
Young's calibration factor: 1.0
Minimum x-link fraction: 3.0E-5
Maximum x-link fraction: 1.0E-4
x-link fraction increment: 3.0E-6
Reservoir swelling ratio: 7.0053187131881725
MC steps: 100000
Equilibration steps: 10000.0
Snapshot interval: 100
Displacement tolerance: 0.1
Particle radius change tolerance: 0.05
Particle radius bin width: 0.001
g(r) bin width: 0.005
phi0, phi, mu/kT, (PV/NKT)total, (PV/NKT)_Virial, (PV/NKT)_pair/calculated, (PV/NKT)_FR, <F_total_path1>/V, <F_total_path2>/V, QMelting, <F_id>/V, <F_pair>/V, <F_FR>/V,  <alpha>, Zeta, B2, B2_HS, B2*
1.5E-4, 0.051557099369806424, -9.571816331058054, 1.090475186930756, 1.094310725284016, 1.1348916642788611, -0.0038355383532599316, -3.8015955824408055E-4, -3.8015952308844715E-4, 1.5003801595933997, -4.013247781823274E-4, 3.1537381401175977E-6, 1.801148179812925E-5, 7.005024938271606, 0.051567366757804566, 4066.120449024781, 5759.405513898987, 0.7059965545423298
2.5E-4, 0.08588140404960407, -8.797832598430412, 1.2400007365673087, 1.2383464201297172, 1.2423120734972681, 0.0016543164375914896, -5.976513581913531E-4, -5.976512092225321E-4, 1.5005976515071602, -6.383869716487445E-4, 1.0946331873314645E-5, 2.978928158407681E-5, 7.004942716049378, 0.0859456112630076, 4065.9772711469236, 5759.202711382549, 0.7059965545423299
3.5E-4, 0.12019308711112496, -8.209921444267188, 1.3335413208855988, 1.341616294916706, 1.389177637540532, -0.008074974031107207, -8.002251222046448E-4, -8.002248255259422E-4, 1.5008002254188832, -8.656273699807302E-4, 2.3480352919150378E-5, 4.192189485693496E-5, 7.004986543209876, 0.12032385576821064, 4066.0535892671137, 5759.310811230484, 0.70599655454233
4.5E-4, 0.1544129740886086, -7.65413920194283, 1.5393521948655025, 1.534343635854845, 1.5612530079732534, 0.0050085590106575, -9.896462322667359E-4, -9.896456242570986E-4, 1.5009896468402764, -0.0010859508705559368, 4.294553982516392E-5, 5.335909846403711E-5, 7.004799413580246, 0.1547021002734137, 4065.7277390580875, 5758.8492647726025, 0.70599655454233
5.5E-4, 0.1886025814494493, -7.120060961741673, 1.7120785070887112, 1.7069054102816268, 1.758154726784971, 0.005173096807084414, -0.0011656833489354418, -0.001165682366668567, 1.5011656843312022, -0.00130092465641393, 6.936511667135359E-5, 6.587619080713442E-5, 7.0046936728395135, 0.18908034477861674, 4065.543619621832, 5758.588471097236, 0.7059965545423299
6.5E-4, 0.2227101463113976, -6.60877657399687, 1.9380098050117345, 1.9379322997031556, 1.9634769261737048, 7.750530857891212E-5, -0.0013296041014197824, -0.0013296025470515512, 1.501329605655788, -0.0015115336158711644, 1.043684403336411E-4, 7.756107411774083E-5, 7.004742633744857, 0.22345858928381981, 4065.6288713531508, 5758.7092248470535, 0.7059965545423298
7.5E-4, 0.2568014744779469, -6.042752424670655, 2.1457489447675226, 2.133318829521663, 2.220540772300444, 0.012430115245859819, -0.0014812291867978987, -0.0014812270182237527, 1.501481231355372, -0.0017184551416278254, 1.4748111753451763E-4, 8.974483729540907E-5, 7.004821244855964, 0.25783683378902283, 4065.7657531230116, 5758.903109319972, 0.70599655454233
8.5E-4, 0.2906548933617374, -5.50326642172989, 2.4317358734694356, 2.45887189234878, 2.500283833951454, -0.02713601887934443, -0.0016181242768998436, -0.0016181210805927503, 1.501618127473207, -0.001922184069404958, 2.0197326748989036E-4, 1.0208652501522407E-4, 7.0045285288065875, 0.29221507829422594, 4065.25607623801, 5758.181183863365, 0.7059965545423299
9.5E-4, 0.3245554301984614, -4.9092196749385355, 2.698914115039402, 2.713327762889278, 2.7967432800042262, -0.014413647849876098, -0.0017439908030488865, -0.0017439865875841132, 1.5017439950185136, -0.0021230978654703772, 2.6663751576111504E-4, 1.1246954666037582E-4, 7.004596532921813, 0.326593322799429, 4065.3744811351335, 5758.34889700072, 0.7059965545423298
0.00105, 0.358210856438231, -4.2380305224823624, 3.0759064215968377, 3.0605090879496224, 3.1383994731302245, 0.015397333647215185, -0.0018525222502969803, -0.0018525165902354332, 1.5018525279103585, -0.0023214940272964185, 3.4389565367828103E-4, 1.250761233211572E-4, 7.00432799382716, 0.360971567304632, 4064.906929524806, 5757.686639363171, 0.7059965545423301
0.00115, 0.3917777049642233, -3.5785626544216247, 3.4252441025008373, 3.4125288190679277, 3.499391864213895, 0.012715283432909496, -0.0019463418550371052, -0.0019463345491693073, 1.5019463491609049, -0.0025176130974465497, 4.342425037312073E-4, 1.3702873867823688E-4, 7.004155288065843, 0.3953498118098351, 4064.6062516282204, 5757.26074791278, 0.70599655454233
0.00125, 0.4252086702211339, -2.829465460096602, 3.8028461521893004, 3.79604002406142, 3.9452288023688626, 0.006806128127880294, -0.002023386030981557, -0.002023376712108722, 1.5020233953498543, -0.0027116536094373704, 5.387532600837879E-4, 1.4951431837202525E-4, 7.004113652263378, 0.42972805631503813, 4064.533766597532, 5757.158077396584, 0.7059965545423298
0.00135, 0.4582751494823115, -2.008777192233535, 4.293074163713924, 4.318100782601231, 4.475469719248739, -0.02502661888730688, -0.0020814388793217527, -0.002081426880783757, 1.5020814508778597, -0.002903782219694676, 6.610673420747016E-4, 1.612759982982216E-4, 7.003891574074079, 0.4641063008202412, 4064.1471585021923, 5756.610471189652, 0.7059965545423298
0.00145, 0.49113806930822673, -0.9919831231681755, 4.9003924740545814, 4.878623899051895, 5.109314573980719, 0.021768575002686082, -0.0021192980768958247, -0.0021192829350282715, 1.5021193132187634, -0.0030941408209538028, 8.026306182287649E-4, 1.722121258292131E-4, 7.003732355967077, 0.49848454532544423, 4063.8699963986624, 5756.217888390563, 0.7059965545423298
0.00155, 0.5233707237745514, 0.013769417053234359, 5.608194275484294, 5.607496552292416, 5.766738808939105, 6.977231918787213E-4, -0.002128802584576538, -0.00212878278970064, 1.5021288223794524, -0.003282851684140692, 9.679803317051104E-4, 1.860687678590432E-4, 7.003447232510291, 0.5328627898306473, 4063.3736935281636, 5755.514906389722, 0.7059965545423299
0.00165, 0.5556858813572894, 1.135994969792798, 6.213376199190281, 6.223238907669185, 6.524980319564609, -0.009862708478904346, -0.00211864063565957, -0.0021186164028538703, 1.5021186648684652, -0.0034700212679412913, 0.0011551263193519043, 1.9625431292981691E-4, 7.003208323045267, 0.5672410343358504, 4062.9578645997035, 5754.925910698758, 0.7059965545423299
0.00175, 0.5870880998173474, 2.463029669812372, 7.1563713170989, 7.143281665258142, 7.416146724023048, 0.013089651840758307, -0.0020745628201455225, -0.0020745320433494417, 1.5020745935969415, -0.0036557431015747576, 0.0013717940216449488, 2.0938625978428614E-4, 7.00301869341564, 0.6016192788410534, 4062.6278288656717, 5754.45843570627, 0.7059965545423298
0.00185, 0.6182829234252136, 3.8585855642203173, 8.070748923752218, 8.040056449374099, 8.359156278944347, 0.03069247437812004, -0.0020010396315797785, -0.0020010018420420464, 1.5020010774211174, -0.0038401000065966108, 0.0016182512189878116, 2.2080915602902076E-4, 7.0028439917695495, 0.6359975233462565, 4062.3237899527826, 5754.027783586323, 0.7059965545423299
0.00195, 0.6487318682887497, 5.310283565225452, 9.122383687298287, 9.058799700372653, 9.307749159538886, 0.06358398692563319, -0.0018903289303789145, -0.0018902824989425516, 1.5018903753618154, -0.004023165836985632, 0.0018981139290072866, 2.3472297759943137E-4, 7.0023247839506215, 0.6703757678514595, 4061.420285362094, 5752.748025795896, 0.7059965545423301
0.00205, 0.679301127085403, 6.492294939671216, 10.001502078106586, 9.96997039821144, 10.031832569175512, 0.031531679895145104, -0.0017474922679921933, -0.0017474374521427478, 1.5017475470838417, -0.004205006861409398, 0.0022095953740933127, 2.479192193238919E-4, 7.002020802469136, 0.7047540123566626, 4060.8913711806836, 5751.998851911115, 0.7059965545423298
0.00215, 0.7110507627885571, 7.601129808865923, 10.522885651576672, 10.53125427175967, 10.688804483411241, -0.008368620182997758, -0.0015803446808811627, -0.0015802846765958782, 1.5015804046851664, -0.004385682875181464, 0.002544922448975431, 2.6041574532487046E-4, 7.001898384773661, 0.7391322568618656, 4060.6783828366133, 5751.697167231919, 0.7059965545423298
0.00225, 0.7421702007967954, 9.175324719986865, 11.291062300655062, 11.289668847237715, 11.751884028100179, 0.0013934534173471193, -0.0013845650533429437, -0.001384498952024204, 1.5013846311546617, -0.00456524810492825, 0.0029089386839467723, 2.7174436763853385E-4, 7.001650041152263, 0.7735105013670686, 4060.2463252349107, 5751.085184639477, 0.70599655454233
0.00235, 0.7706076712772603, 11.10397453004264, 12.74555636798455, 12.671417824395503, 13.066166616634744, 0.0741385435890465, -0.0011422551957834116, -0.0011421764592259658, 1.5011423339323409, -0.004743751952133536, 0.003316859423624249, 2.846373327258752E-4, 7.001131965020577, 0.8078887458722716, 4059.3450972151204, 5749.808651469463, 0.7059965545423298
0.00245, 0.7993801588671336, 13.284203395300372, 13.989897469482447, 13.957571486507835, 14.71291342852871, 0.03232598297461126, -8.543893230161062E-4, -8.542994474678967E-4, 1.5008544791985643, -0.004921239609912074, 0.003767341610702674, 2.995086761932937E-4, 7.00066622427984, 0.8422669903774745, 4058.535023943408, 5748.661233303608, 0.7059965545423298
0.00255, 0.82425771547541, 16.00646360679566, 16.06039777707632, 15.99713583938667, 16.77789994084688, 0.06326193768965081, -5.079812051633536E-4, -5.078700837942507E-4, 1.5005080923265324, -0.005097752578932284, 0.0042791409011963275, 3.106304725726031E-4, 7.000037572016459, 0.8766452348826775, 4057.441765941816, 5747.112701664808, 0.70599655454233
0.00265, 0.8481404600167843, 19.084361378310017, 18.304104649465952, 18.146787016400754, 19.069758502091183, 0.1573176330651961, -9.013698168348905E-5, -9.000235529514275E-5, 1.5000902716080717, -0.0052733291022967485, 0.004856299735072682, 3.268923855405774E-4, 6.999450586419754, 0.9110234793878805, 4056.4211456334506, 5745.667056779152, 0.7059965545423299
0.00275, 0.8693028536691622, 22.428933366036496, 20.843339714868616, 20.639778554438255, 21.611394286304332, 0.20356116043036035, 4.032299295696753E-4, 4.033954800168613E-4, 1.4995969356208776, -0.0054480045346956725, 0.005508421504574367, 3.428129596909807E-4, 6.998729053497944, 0.9454017238930834, 4055.166815883837, 5743.890377075061, 0.7059965545423298
0.00285, 0.8884045893501032, 26.04969506817137, 23.56319675470192, 23.297183783786394, 24.342406042588024, 0.2660129709155239, 9.807657023615463E-4, 9.80967909303747E-4, 1.4990194365045806, -0.005621811657801176, 0.006241033793537051, 3.6154356662567117E-4, 6.997830524691359, 0.9797799683982864, 4053.605153873952, 5741.678380430266, 0.7059965545423298
0.00295, 0.9045465197625676, 29.809499016448903, 26.451330519730487, 26.169985627136644, 27.189706860711823, 0.28134489259384465, 0.0016470112504104878, 0.0016472594918898586, 1.4983532369910688, -0.005794780951346675, 0.007060906579932157, 3.808856218250068E-4, 6.996885082304526, 1.0141582129034894, 4051.9623880088843, 5739.351505242988, 0.7059965545423298
0.00305, 0.9190260446425373, 33.69296777393358, 29.37075049613917, 29.062647946054373, 30.08336524151162, 0.30810255008479726, 0.002404064438229797, 0.0024043640605049326, 1.4975962351840453, -0.005966940827411812, 0.007970205715882913, 4.0079954975869616E-4, 6.995874650205767, 1.0485364574086924, 4050.2071891232504, 5736.865375708302, 0.7059965545423299
0.00315, 0.9311636942219351, 37.72194622043401, 32.41832059951933, 32.02416935487238, 32.99857310686537, 0.39415124464695245, 0.003255731961007727, 0.003256091208474445, 1.496744627286459, -0.006138317833951937, 0.008972171422297998, 4.218783726616658E-4, 6.994928796296296, 1.0829147019138954, 4048.5646269387275, 5734.538789021788, 0.7059965545423299
0.00325, 0.9412805853900853, 41.719972636067546, 35.3628632411051, 34.9578711240926, 35.89528887339738, 0.4049921170125072, 0.004205154699438411, 0.004205581380963978, 1.495795271982087, -0.006308936832459302, 0.010067686718042639, 4.464048138550747E-4, 6.99390552469136, 1.1172929464190984, 4046.7881219866404, 5732.022480775443, 0.7059965545423298
0.00335, 0.9498231530620825, 45.824456609087676, 38.42509524910258, 37.87756419575128, 38.71541062158613, 0.5475310533512976, 0.005247713922214355, 0.005248213994748573, 1.4947527861503198, -0.0064788211537398395, 0.011257848688623787, 4.6868638733040793E-4, 6.993037037037033, 1.1516711909243014, 4045.2807457020212, 5729.887376468033, 0.7059965545423299
0.00345, 0.9561259644752442, 49.788257073716636, 41.20000973409547, 40.65407985923442, 41.48032171397491, 0.5459298748610483, 0.006393111334589324, 0.006393695589120182, 1.4936074729199416, -0.006647992735074966, 0.012540575296862517, 5.005287728017729E-4, 6.9919512345679085, 1.1860494354295044, 4043.3967171316676, 5727.218767735836, 0.7059965545423297
0.00355, 0.9613921433405268, 53.71555072455328, 43.98389586145196, 43.45595718782362, 44.190779799019026, 0.5279386736283379, 0.007624928088577964, 0.007625599981148683, 1.4923757438039928, -0.00681647224146874, 0.01391763155052446, 5.237687795222424E-4, 6.991244835390947, 1.2204276799347074, 4042.17132376482, 5725.483074609625, 0.7059965545423298
0.00365, 0.9647909437658063, 57.689977656870376, 46.766486732234746, 46.12154486620947, 46.76502056961698, 0.6449418660252755, 0.008957839960204153, 0.008958608541730393, 1.491042928621322, -0.006984279173223753, 0.01538687504550416, 5.552440879237457E-4, 6.9902121707818905, 1.2548059244399103, 4040.3804020476464, 5722.946345916474, 0.7059965545423298
0.00375, 0.9667392878663845, 61.46039865892449, 49.240549030477716, 48.64470298168778, 49.27074592167618, 0.595846048789934, 0.01037942162186354, 0.010380296172777536, 1.4896214529290503, -0.007151431961720064, 0.016945866764681048, 5.849868189025553E-4, 6.9895302880658425, 1.2891841689451133, 4039.1981217024486, 5721.271719691187, 0.7059965545423299
0.00385, 0.967616190191262, 65.29660953566854, 51.82109314708198, 51.167314274509536, 51.70408805918588, 0.6537788725724458, 0.011892357835494052, 0.011893341777369119, 1.488108626106381, -0.007317948054971303, 0.018595412952337464, 6.148929381278898E-4, 6.988750781893011, 1.3235624134503163, 4037.846859768831, 5719.357741605992, 0.7059965545423299
0.00395, 0.9672373362538961, 69.23574944869758, 54.36154001236302, 53.54390896787566, 54.10517675710611, 0.8176310444873666, 0.01349710507428645, 0.013498206041624952, 1.4865039958930522, -0.0074838439942865554, 0.020332804117600408, 6.481449509725985E-4, 6.987804897119342, 1.3579406579555193, 4036.207587852508, 5717.035815378767, 0.7059965545423297
0.00405, 0.9650479812582131, 72.90393610965378, 56.70961920811133, 55.99667008982703, 56.47214000249318, 0.7129491182842997, 0.015198121364523708, 0.015199345729891761, 1.4848031030008444, -0.007649135483164614, 0.022160507436981735, 6.867494107065863E-4, 6.986965812757201, 1.3923189024607225, 4034.753778510206, 5714.976585297615, 0.7059965545423299
0.00415, 0.9619579029237544, 76.54927167008385, 59.01453699452351, 58.3055523865128, 58.70367812865792, 0.7089846080107068, 0.016978011615098588, 0.01697936637798664, 1.4830233431477895, -0.00781383744938025, 0.02407574974945585, 7.160993150229892E-4, 6.98630738683128, 1.4266971469659258, 4033.613224989008, 5713.361062510908, 0.7059965545423302
0.00425, 0.958032287586365, 80.26256179594695, 61.26756673858847, 60.48266055481505, 60.89619584396763, 0.7849061837734232, 0.01885307985743718, 0.018854571045008147, 1.4811484113301339, -0.007977964101083188, 0.026075932215968933, 7.551117425514322E-4, 6.985544495884774, 1.4610753914711287, 4032.29198152175, 5711.489603707384, 0.7059965545423299
0.00435, 0.9526770406945568, 83.94838886308499, 63.54313575936955, 62.709323146174704, 63.07562040925972, 0.8338126131948417, 0.02081026665161169, 0.020811899301392673, 1.4791913659981692, -0.008141528977614635, 0.02816268513426234, 7.891104949639845E-4, 6.984807726337453, 1.495453635976332, 4031.0162513573096, 5709.6826116530565, 0.7059965545423299
0.00445, 0.9460885210743327, 87.41540833101699, 65.57337388572785, 64.86052280214227, 65.183254006776, 0.7128510835855806, 0.022861320173085356, 0.022863101366920116, 1.4771404610207495, -0.008304544995648857, 0.030334660864184886, 8.312043045493257E-4, 6.984053395061727, 1.5298318804815352, 4029.710391535591, 5707.832942822073, 0.7059965545423299
0.00455, 0.9383902644042191, 91.08299456941941, 67.72636607047835, 66.94105313954759, 67.29711978749795, 0.7853129309307576, 0.02498404495309503, 0.024985982733678924, 1.4750178928274889, -0.008467024491185368, 0.03259056532039042, 8.605041238899798E-4, 6.983668425925928, 1.5642101249867382, 4029.044061312781, 5706.889127702122, 0.70599655454233
0.00465, 0.928850701492354, 94.81065050753733, 70.06341500335859, 69.1024403506026, 69.33838242452117, 0.9609746527559749, 0.027210212818285964, 0.027212311323367936, 1.472791885686796, -0.00862897925784794, 0.03493266748404103, 9.065245920928751E-4, 6.982780617283951, 1.5985883694919414, 4027.5076630172243, 5704.71291552988, 0.7059965545423298
0.00475, 0.9189608983929335, 98.33087317579898, 72.03851578221516, 71.0388931081303, 71.30710272211041, 0.9996226740848579, 0.029510920058904835, 0.029513188518730228, 1.4704913484009206, -0.008790420581887746, 0.03735596305201471, 9.453775887778718E-4, 6.982256522633744, 1.6329666139971444, 4026.600873768151, 5703.428505226119, 0.7059965545423299
0.00485, 0.907591167313326, 101.78112817205528, 73.99250072120537, 73.04981534889313, 73.28303993951589, 0.9426853723122371, 0.031905166175627164, 0.03190760734681404, 1.4680972749955596, -0.008951359274237737, 0.03986246701867076, 9.940584311941465E-4, 6.981463549382715, 1.6673448585023476, 4025.2291291915603, 5701.485514757165, 0.7059965545423298
0.00495, 0.8947452890546139, 104.02330538057377, 75.49497862026882, 75.00182773320864, 74.44511575213645, 0.493150887060188, 0.034370610957520545, 0.03437323431253157, 1.4656320123974904, -0.009111805699922376, 0.04245103705737444, 0.0010313796000684754, 6.980858703703703, 1.7017231030075508, 4024.1830312607385, 5700.003782411461, 0.7059965545423297
0.00505, 0.8861828102328854, 107.71137770177343, 76.44747776395317, 75.383390189917, 76.06345278856321, 1.0640875740361748, 0.036871913150049986, 0.03687475433793662, 1.4631309280378366, -0.00927176980508998, 0.04508440640050301, 0.0010592765546369508, 6.980828209876542, 1.7361013475127538, 4024.130296112675, 5699.92908636978, 0.7059965545423299
0.00515, 0.8689845427532401, 111.25681091391938, 79.29417750218427, 78.21645380681191, 78.0405958805796, 1.0777236953723535, 0.039513450414063164, 0.039516459649044246, 1.460489558820918, -0.009431261141903164, 0.047820573969992404, 0.0011241375859739266, 6.979677263374485, 1.770479592017957, 4022.1402191586453, 5697.110266729336, 0.7059965545423299
0.00525, 0.8567594594676452, 113.4890947229491, 79.94855835532788, 79.36408657195496, 79.2475270686103, 0.5844717833729215, 0.042184034572927166, 0.042187252473985005, 1.4578191833281307, -0.009590288891495413, 0.050619933565182386, 0.0011543898992401947, 6.979396995884769, 1.8048578365231602, 4021.6557140009945, 5696.423995451475, 0.70599655454233
0.00535, 0.8425163611867098, 116.68387476759194, 81.3748989652503, 80.62361683330212, 80.75295498383187, 0.7512821319481762, 0.04493215553771767, 0.044935588056232434, 1.4550712769807972, -0.009748861885178034, 0.053484996606829024, 0.0011960208160666805, 6.979025977366252, 1.8392360810283632, 4021.0143852036317, 5695.515593288269, 0.7059965545423299
0.00545, 0.8264307048978942, 120.35488803938912, 83.68479470050865, 82.37058503778677, 82.33672609599263, 1.3142096627218818, 0.04775527920744055, 0.04775891596047284, 1.4522483575455918, -0.009906988624061046, 0.05642729579423, 0.0012349720372715944, 6.978688076131683, 1.8736143255335664, 4020.4303610376087, 5694.688359554244, 0.7059965545423298
0.00555, 0.8107404020131459, 123.31435830100668, 84.9189680879234, 83.7959054117717, 83.94227755734961, 1.1230626761517017, 0.050678678144739794, 0.05068252844114745, 1.4493251721516678, -0.01006467729723361, 0.059439265661920065, 0.0013040897800533368, 6.977841882716048, 1.9079925700387694, 4018.9680593131106, 5692.617100544423, 0.7059965545423299
0.00565, 0.7918689002127061, 126.11558503946165, 86.25985158682475, 85.58046781845486, 85.66639199353597, 0.6793837683698881, 0.05364310611078364, 0.05364717307673929, 1.446360960855172, -0.010221935798633763, 0.06252945335294412, 0.0013355885564732895, 6.977498539094651, 1.9423708145439726, 4018.37483041443, 5691.776828881815, 0.7059965545423299
0.00575, 0.7732754330607151, 129.6372172954826, 88.34737293791576, 87.2493155990325, 87.23391165560386, 1.098057338883267, 0.05670025377272678, 0.056704539567970356, 1.4433040320225168, -0.010378771742723532, 0.06569522007887363, 0.00138380543657668, 6.9768859259259255, 1.9767490590491759, 4017.3165027646023, 5690.2777739034045, 0.7059965545423299
0.00585, 0.7540001786310799, 132.7650754852924, 89.87106015920632, 88.71849580955092, 88.77031011597886, 1.1525643496554128, 0.059832827293159904, 0.05983734464421679, 1.440171690057897, -0.01053519247907331, 0.06893187047676408, 0.0014361492954691336, 6.976409886831278, 2.011127303554379, 4016.49424370113, 5689.113095325044, 0.7059965545423298
0.00595, 0.7327906336047013, 136.13994582746042, 91.69216932851259, 90.32158588923583, 90.38983254391914, 1.370583439276756, 0.06303931918276265, 0.06304407201964254, 1.4369654336541173, -0.010691205105948764, 0.07224258883687837, 0.0014879354518330464, 6.976068158436213, 2.045505548059582, 4015.9040477739195, 5688.277119676984, 0.70599655454233
0.00605, 0.7110024425666462, 139.40290584238682, 93.38993771279745, 91.9592823227902, 92.04582490674655, 1.4306553900072427, 0.06633303089237086, 0.06633801899469548, 1.4336719572099537, -0.010846816482984098, 0.07562824290406518, 0.0015516044712897744, 6.975314773662553, 2.079883792564785, 4014.603088195199, 5686.43439173398, 0.7059965545423298
0.00615, 0.6877914837676468, 142.19776166023814, 94.68876217689288, 93.63582670265016, 93.67510377080389, 1.0529354742427093, 0.06969531764661963, 0.06970054577557504, 1.4303099104823358, -0.011002033243017245, 0.07908981396485491, 0.0016075369247819645, 6.974718755144034, 2.1142620370699885, 4013.5740708332924, 5684.976852946736, 0.7059965545423298
0.00625, 0.6633008565697899, 145.55443451935128, 96.45401937212152, 95.22065444387772, 95.31395987900261, 1.2333649282438, 0.07312247389181989, 0.07312795581750414, 1.4268830080338644, -0.011156861803155095, 0.0826251796344703, 0.0016541560605046804, 6.974355185185185, 2.1486402815751915, 4012.946458904524, 5684.08787987069, 0.70599655454233
0.00635, 0.6377856329755245, 149.12916727964574, 98.59490003575452, 96.91479578522866, 96.89005699844517, 1.6801042505258534, 0.07664502996942973, 0.07665076206994977, 1.4233607021310903, -0.011311308375130386, 0.08623697958835215, 0.0017193587562079687, 6.973714681069959, 2.1830185260803945, 4011.840949100152, 5682.5219943188995, 0.7059965545423299
0.00645, 0.6131291454824934, 152.08637959127233, 99.91170463907667, 98.37578743662625, 98.43879146988172, 1.535917202450418, 0.08024286713134002, 0.08024885792649004, 1.41976312366381, -0.011465378975006083, 0.08991971794523557, 0.001788528161110538, 6.9730030658436215, 2.217396770585598, 4010.612939670879, 5680.782595703748, 0.7059965545423298
0.00655, 0.5858009406507957, 155.0914596473642, 101.44231563779512, 100.01149763393698, 100.00156191388172, 1.4308180038581413, 0.08390661969610014, 0.08391287455288052, 1.4160996351606803, -0.011619079432277777, 0.09367754749013117, 0.0018481516382467416, 6.972600370370371, 2.251775015090801, 4009.9181332617354, 5679.798445845404, 0.7059965545423299
0.00665, 0.5586036981852164, 157.7771660780906, 102.52745086870745, 101.50325211190099, 101.54415873036163, 1.02419875680645, 0.08764793886160459, 0.08765446354466565, 1.4123585858214565, -0.011772415398420118, 0.097507077460429, 0.0019132767995957121, 6.972079207818932, 2.286153259596004, 4009.019044174698, 5678.524942339966, 0.7059965545423298
0.00675, 0.5298437156462427, 161.3431957675278, 104.53134227944703, 103.09639244824847, 103.16418475328625, 1.4349498311985647, 0.09143992446260785, 0.09144672270824705, 1.4085668737830312, -0.011925392354919078, 0.10141072113143755, 0.001954595686089375, 6.97179009259259, 2.3205315041012073, 4008.520331946658, 5677.818547634734, 0.7059965545423299
0.00685, 0.49931234139890274, 164.8212417535803, 106.46777624164487, 104.74451620570491, 104.79035783411466, 1.7232600359399646, 0.09535150900379821, 0.09535858505888653, 1.4046555670512901, -0.012078015620828133, 0.1053898200711589, 0.002039704553467452, 6.9710938683127575, 2.3549097486064103, 4007.3195425714252, 5676.1177045250815, 0.7059965545423298
0.00695, 0.46727009858637425, 167.6496370539041, 107.83043105352085, 106.35071794727885, 106.31572704938226, 1.4797131062419984, 0.09930955906809583, 0.09931692326518762, 1.400697805128996, -0.012230290359883128, 0.10944342071838432, 0.0020964287095946313, 6.970699320987652, 2.3892879931116133, 4006.639166828662, 5675.153994803855, 0.70599655454233
0.00705, 0.43662980223377224, 171.15762196672435, 109.69788576789789, 107.79657381979217, 107.84678407300153, 1.9013119481057095, 0.10335618953720552, 0.10336384402360418, 1.3966514649491932, -0.012382221587207578, 0.11356772659065142, 0.0021706845337616768, 6.970086193415642, 2.4236662376168163, 4005.582013982737, 5673.656603861757, 0.7059965545423299
0.00715, 0.40363627188999984, 173.83931080516845, 110.80983428899265, 109.41183934493104, 109.47373550508904, 1.3979949440616086, 0.10748173354325327, 0.10748967885729091, 1.3925262117707844, -0.012533814175637476, 0.11776675834774047, 0.0022487893711502804, 6.9695178189300435, 2.4580444821220198, 4004.602190387499, 5672.268744970755, 0.70599655454233
0.00725, 0.3690135732654523, 177.48142491898273, 112.9049497774653, 111.05188116657352, 111.11731815631885, 1.853068610891784, 0.11165640522270479, 0.11166464988491723, 1.3883518394395076, -0.012685072861692175, 0.1220411410097128, 0.0023003370746841564, 6.9692209156378615, 2.4924227266272228, 4004.090420869878, 5671.543855430815, 0.70599655454233
0.00735, 0.3322395187142417, 181.2603725870182, 115.2078929402866, 112.70071212767343, 112.66958757395962, 2.5071808126131705, 0.11595584736810803, 0.11596439925280128, 1.3840527045165851, -0.012836002251215829, 0.12639112516490597, 0.002400724454417884, 6.968543786008237, 2.5268009711324257, 4002.9234217707535, 5669.890874135629, 0.70599655454233
0.00745, 0.2988682728365379, 183.45548333933505, 115.71880074298882, 114.15820060021464, 114.24963389586465, 1.5606001427741727, 0.12031095050787557, 0.12031981020822553, 1.3796979091924744, -0.012986606824711729, 0.13081218535654301, 0.002485371976044283, 6.967993323045271, 2.561179215637629, 4001.9748934544245, 5668.54734305148, 0.70599655454233
0.00755, 0.26014705863952114, 186.27957264451462, 117.11272625014388, 115.85996921299082, 115.83402175982116, 1.2527570371530568, 0.12471520147133844, 0.12472437514981043, 1.3752939722071336, -0.013136890942390215, 0.135310133395907, 0.00254195901782166, 6.9675690843621405, 2.595557460142832, 4001.243970311764, 5667.512036097139, 0.7059965545423298
0.00765, 0.22299530621846575, 190.4651491174551, 119.57827909463217, 117.3293984021853, 117.46946742255865, 2.2488806924468583, 0.12920514494290167, 0.12921464023055573, 1.3708043503447525, -0.013286858848949095, 0.13987948041059592, 0.0026125233812548552, 6.967158559670782, 2.629935704648035, 4000.53675981418, 5666.510316622682, 0.7059965545423299
0.00775, 0.18112155863847593, 193.9495841057026, 121.60140534853352, 119.13018217368135, 119.15595717987107, 2.471223174852165, 0.13380924246197182, 0.13381906052761564, 1.366200575603672, -0.01343651467810408, 0.14452812071379678, 0.0027176364262791203, 6.966450195473253, 2.6643139491532386, 3999.316657440101, 5664.78211785708, 0.7059965545423299
0.00785, 0.14037810249467045, 196.33457756126043, 122.45152285182343, 120.70599260120659, 120.70332119071865, 1.7455302506168335, 0.13846555544921363, 0.1384757066526725, 1.3615445957542454, -0.013585862456885343, 0.1492507697567796, 0.0028006481493193813, 6.9660297325102905, 2.6986921936584416, 3998.592559946419, 5663.756479007961, 0.70599655454233
0.00795, 0.0994044464959752, 199.5225214832226, 123.96754344167601, 122.22556688343256, 122.33833737865369, 1.7419765582434483, 0.14318352801759193, 0.1431940167086495, 1.3568269606734655, -0.013734906109715127, 0.15404610067774102, 0.0028723334495660414, 6.965499423868316, 2.7330704381636446, 3997.6794170884423, 5662.463069214243, 0.70599655454233
0.00805, 0.055818690820005, 203.1505469969243, 126.13061330940197, 123.97595777177806, 123.98875361908988, 2.154655537623912, 0.14799205411487776, 0.14800288155970634, 1.352018773329951, -0.013883649462280165, 0.15891962221284478, 0.002956081364313149, 6.965043960905351, 2.767448682668847, 3996.895262609977, 5661.352363399292, 0.70599655454233
0.00815, 0.011597686694532604, 206.6310783926707, 128.02444720077935, 125.52920111573803, 125.55967714959019, 2.4952460850413236, 0.1528832521415068, 0.1528944273752976, 1.347127923092284, -0.014032096245211644, 0.16386669469804802, 0.003048653688670431, 6.964498930041156, 2.80182692717405, 3995.957037024419, 5660.023425489438, 0.70599655454233
0.00825, -0.03358326492441836, 210.15017209595803, 129.9004084091688, 127.11811884130778, 127.21834552057665, 2.7822895678610258, 0.1578579613716585, 0.15786948981839255, 1.3421535670750755, -0.014180250097584534, 0.16888817729287833, 0.003150034176364692, 6.963971224279835, 2.836205171679253, 3995.04877508116, 5658.736929206397, 0.7059965545423298
0.00835, -0.0819506277744966, 213.06385545454978, 131.39425213022045, 128.8472766706505, 128.7892507906645, 2.546975459569954, 0.16291718374571207, 0.16292906870397653, 1.3370947012125525, -0.014328114570247252, 0.1739874356210559, 0.003257862694903428, 6.963246584362144, 2.8705834161844557, 3993.8017837475422, 5656.970643909966, 0.70599655454233
0.00845, -0.12615949919426112, 216.18396215530288, 132.84630160860354, 130.2623300205032, 130.30455196541342, 2.583971588100325, 0.1680310111086011, 0.1680432562189532, 1.331981234001751, -0.014475693128991772, 0.17915702830153202, 0.0033496759360608693, 6.962810421810707, 2.9049616606896587, 3993.051341703575, 5655.907689651707, 0.70599655454233
0.00855, -0.17529139566764687, 219.38597746296173, 134.38814246914373, 131.8765056265442, 132.0015334909222, 2.5116368425995184, 0.17323920760397438, 0.17325182636592548, 1.3267734111579768, -0.014622989157573681, 0.18440167624065207, 0.0034605205208959795, 6.962262057613173, 2.9393399051948617, 3992.1079838559, 5654.571482213291, 0.70599655454233
0.00865, -0.2263307685165117, 222.69016706141016, 136.24703908536017, 133.6572807193587, 133.65836751174433, 2.589758366001461, 0.17850591993608436, 0.1785189055831569, 1.3215070657109882, -0.014770005960590908, 0.18972538028654695, 0.0035505456101283107, 6.9618005658436255, 2.973718149700064, 3991.3141888879254, 5653.447121247411, 0.7059965545423299
0.00875, -0.27537450874521385, 225.40457191392068, 137.37140107449935, 135.19306448585826, 135.20331660240984, 2.1783365886410757, 0.1838718798637094, 0.18388524195881945, 1.3161414822314006, -0.014916746766229321, 0.19512236071531536, 0.00366626591462337, 6.961142407407402, 3.008096394205267, 3990.182296896857, 5651.843866976855, 0.7059965545423298
0.00885, -0.32753499473339703, 228.29220959975746, 138.67751642239224, 136.7472037416567, 136.7794590685917, 1.9303126807355258, 0.1892681954807683, 0.18928194439162468, 1.3107455534300883, -0.015063214728882815, 0.20059305632501992, 0.0037383538846311798, 6.960869989711936, 3.0424746387104697, 3989.7138592478996, 5651.180354320958, 0.7059965545423299
0.00895, -0.37992411774170387, 232.3514059913181, 141.1362330357832, 138.34558110447534, 138.4033255681665, 2.7906519313078437, 0.19477202995186113, 0.1947861703109085, 1.3052421104071863, -0.015209412931654936, 0.20613852875377311, 0.0038429141297429592, 6.960368179012344, 3.0768528832156727, 3988.851063313414, 5649.958257798059, 0.7059965545423298
0.00905, -0.43395381606343175, 235.89844285348772, 143.07871150722363, 139.9956575302331, 140.0778352481111, 3.0830539769905405, 0.20036215792012932, 0.20037668830627733, 1.2996523724660187, -0.015355344388748719, 0.21176002943336825, 0.0039574728755097975, 6.959870205761319, 3.1112311277208757, 3987.994988330088, 5648.745681082468, 0.7059965545423297
0.00915, -0.4895780194866158, 239.09832887435226, 144.78277599295413, 141.69587658510486, 141.690262510926, 3.08689940784928, 0.2060353509262052, 0.20605028207084658, 1.2939795802184362, -0.015501012047750859, 0.2174587858960363, 0.0040775770779197746, 6.959275133744857, 3.1456093722260783, 3986.9721497209985, 5647.296894112462, 0.7059965545423298
0.00925, -0.5443915860433199, 242.1851487150418, 146.26349214950477, 143.2223082901373, 143.2418534941526, 3.041183859367461, 0.21177826219773876, 0.21179359681082385, 1.2882370724153462, -0.01564641879181604, 0.2232306921563456, 0.004193988833209178, 6.958764423868318, 3.1799876167312813, 3986.094456315144, 5646.0536962523465, 0.70599655454233
0.00935, -0.6008253913482298, 245.773723724558, 148.30873404386014, 144.7989371661699, 144.77989355454852, 3.5097968776902357, 0.2175988399946386, 0.21761458058444766, 1.2824169005951704, -0.015791567441756776, 0.22907694368561776, 0.0043134637507776154, 6.958117191358025, 3.2143658612364843, 3984.9823235514564, 5644.478429692572, 0.7059965545423299
0.00945, -0.6576886012784379, 247.3071459033271, 148.22665879827747, 146.29880649015868, 146.30529585418026, 1.9278523081187746, 0.22351309310159834, 0.22352924720966055, 1.2765030610064638, -0.015936460758043863, 0.23499571796543844, 0.004453835894203757, 6.957585987654317, 3.248744105741687, 3984.0697164296084, 5643.185778735601, 0.7059965545423298
0.00955, -0.7171306271390042, 251.34442840667597, 150.6337809697364, 147.8493387260396, 147.93829567111734, 2.7844422436967826, 0.22940688641437754, 0.2294234665606578, 1.2706096937319027, -0.01608110144272213, 0.24098821486187957, 0.004499772995220088, 6.957524691358022, 3.28312235024689, 3983.9644184569656, 5643.036630737689, 0.7059965545423298
0.00965, -0.777548855022652, 256.0366454803485, 153.7499261646139, 149.56494202693972, 149.62179937483137, 4.184984137674174, 0.23551390556145718, 0.23553090203603527, 1.264503090913121, -0.016225492141245933, 0.24705837840077835, 0.004681019301924757, 6.956646748971196, 3.317500594752093, 3982.456446853047, 5640.900683197694, 0.7059965545423299
0.00975, -0.8409337270593565, 258.0492972093442, 154.2264770822997, 151.21818980072518, 151.23131999201664, 3.0082872815745194, 0.24163173573663693, 0.24164916791479574, 1.2583856964415219, -0.0163696354442386, 0.2532047639678925, 0.004796607212983035, 6.956118755144031, 3.3518788392572954, 3981.5497372371965, 5639.616385689416, 0.7059965545423301
0.00985, -0.9024632593546894, 261.49136500706965, 156.12867462862752, 152.78514956588242, 152.75413121958124, 3.343525062745102, 0.24783485192513421, 0.2478527179166858, 1.2521830140664174, -0.016513533889179623, 0.25942533943222773, 0.0049230463820860975, 6.95558940329218, 3.3862570837624983, 3980.640833687918, 5638.328980611545, 0.7059965545423299
0.00995, -0.9639455044839454, 264.9369815619307, 157.9504026612732, 154.2640788587162, 154.27148657230757, 3.6863238025569705, 0.2541170287316536, 0.2541353375557079, 1.2459012800924008, -0.0166571899620234, 0.2657180095857365, 0.005056209107940482, 6.9551567386831294, 3.4206353282677013, 3979.8980460477305, 5637.276868337897, 0.7059965545423298
0.01005, -1.0274218110545894, 268.038968426306, 159.42763065866183, 155.8192367869918, 155.86187499058965, 3.6083938716700152, 0.2604846609921625, 0.26050341384438136, 1.2395340918600564, -0.016800606098752842, 0.27208457936844677, 0.005200687722468574, 6.954548189300402, 3.455013572772904, 3978.853460274673, 5635.7972778691665, 0.7059965545423299
0.01015, -1.0925955934888256, 271.1339379476135, 160.95962456760685, 157.44500311247322, 157.46655291637762, 3.514621455133632, 0.2669149467615433, 0.266934147172627, 1.2331042536495405, -0.016943784686871168, 0.2785267379510004, 0.005331993497414069, 6.954007047325105, 3.489391817278107, 3977.924734052912, 5634.4817952144895, 0.70599655454233
0.01025, -1.1591400310006184, 274.3086705339242, 162.58038805423618, 159.02943280021262, 159.01701074874725, 3.550955254023557, 0.2734303529314627, 0.27345000830601834, 1.226589302443093, -0.01708672806683488, 0.2850435185512455, 0.005473562447052074, 6.95351291152263, 3.5237700617833094, 3977.0768076644013, 5633.280760474228, 0.7059965545423299
0.01035, -1.226212057272677, 277.56980698165376, 164.20075873619297, 160.54633926118575, 160.59052880350495, 3.6544194750072214, 0.28001222101607537, 0.280032341511021, 1.2200078994788703, -0.01722943853343086, 0.2916333192092003, 0.00560834034030593, 6.953042366255142, 3.5581483062885124, 3976.269474136993, 5632.137222984967, 0.70599655454233
0.01045, -1.2938806574522743, 280.48609858004676, 165.57340107317654, 162.17622887008656, 162.17445882165327, 3.397172203089986, 0.2866833349817207, 0.2867039205602908, 1.2133372505968494, -0.01737191833710017, 0.2982988314683125, 0.005756421850508404, 6.952468991769544, 3.5925265507937154, 3975.2858600551976, 5630.743995106635, 0.7059965545423298
0.01055, -1.3630082210782537, 283.4594717706912, 166.93925533454197, 163.71504503034953, 163.74146901659435, 3.2242103041924293, 0.2934044457333479, 0.29342550447980803, 1.2066166130131122, -0.01751416968521126, 0.3050379013005366, 0.005880714118022555, 6.952100545267486, 3.626904795298918, 3974.653882026049, 5629.84883772225, 0.7059965545423298
0.01065, -1.4349944595677695, 287.47688172104995, 169.40281079720495, 165.3102157045474, 165.30465439342456, 4.092595092657551, 0.30021752781127764, 0.30023906068057604, 1.1998040050580208, -0.017656194743284816, 0.3118518732697148, 0.006021849284847633, 6.951587088477365, 3.661283039804121, 3973.7732867494747, 5628.601529543607, 0.7059965545423299
0.01075, -1.5049308920152134, 290.54002975392405, 170.83944397306374, 166.84191200910416, 166.867624336006, 3.9975319639595708, 0.30713045575851267, 0.3071524705597087, 1.1928915590426834, -0.01779799563617267, 0.3187392438833953, 0.006189207511290014, 6.9510540432098775, 3.695661284309324, 3972.8592342034094, 5627.30683123356, 0.7059965545423299
0.01085, -1.5766472058619578, 293.371215935897, 172.04045483464438, 168.43605212346282, 168.50818722120368, 3.6044027111815544, 0.31408979238169865, 0.31411229501312077, 1.1859327102497235, -0.017939574449192804, 0.3257015014076525, 0.006327865423238913, 6.95051758230452, 3.7300395288145265, 3971.9394661365545, 5626.004037245492, 0.7059965545423298
0.01095, -1.6503531577625488, 296.74392791102446, 173.90108451475865, 170.12351173944484, 170.11894548738135, 3.777572775313804, 0.321137899511636, 0.32116088573554585, 1.1788850867122738, -0.018080933229222492, 0.3327408849964423, 0.006477947744416225, 6.950053693415634, 3.7644177733197295, 3971.1442380434437, 5624.877646347413, 0.7059965545423299
0.01105, -1.7249435237182784, 300.4100460302425, 176.00186608205425, 171.6588861918463, 171.63223532548326, 4.342979890207937, 0.32825827126956203, 0.3282817603365917, 1.1717652177974676, -0.018222073985751566, 0.3398537953377872, 0.0066265499175263915, 6.949633796296291, 3.7987960178249325, 3970.4245149913636, 5623.858203621456, 0.7059965545423298
0.01115, -1.7987421144409603, 303.0375747711205, 176.98616668366583, 173.15000876855024, 173.16902693801123, 3.8361579151156042, 0.3354814226456891, 0.3355054115942645, 1.1645425663028863, -0.01836299869189749, 0.3470391740229194, 0.006805247314667163, 6.949036522633741, 3.833174262330135, 3969.400910183236, 5622.408331378395, 0.7059965545423298
0.01125, -1.875793919573919, 306.44928013610064, 178.8791485344318, 174.73199137446014, 174.69213203065223, 4.147157159971656, 0.34272724965978313, 0.34275174767996286, 1.1572972483603967, -0.018503709285384057, 0.3542991787628327, 0.006931780182334502, 6.94868351851851, 3.867552506835338, 3968.7960161065002, 5621.551536720058, 0.7059965545423298
0.01135, -1.9525057473105902, 309.72334969881234, 180.49579800478028, 176.19655705462253, 176.21256634803845, 4.299240950157765, 0.3501132979678731, 0.35013830994939227, 1.1499117140136461, -0.018644207669485255, 0.36163101450646873, 0.007126491130889641, 6.948079002057615, 3.901930751340541, 3967.7602830224123, 5620.084485532024, 0.70599655454233
0.01145, -2.029680951348516, 312.94896839712015, 182.1239071880119, 177.77215764193184, 177.8062083126731, 4.351749546080063, 0.35751545028844683, 0.35754097806205176, 1.142510077485158, -0.018784495713935898, 0.36903731524919287, 0.007262630753189844, 6.947686800411529, 3.9363089958457436, 3967.0884105779483, 5619.132820201449, 0.7059965545423299
0.01155, -2.1102848309720166, 316.3500853729127, 183.95336967715141, 179.38412062220326, 179.3876932470285, 4.5692490549481635, 0.3650555105446464, 0.3650815583631466, 1.1349705372738537, -0.01892457525581041, 0.3765189557550652, 0.007461130045391626, 6.947009218106996, 3.9706872403509466, 3965.927837207401, 5617.488940549231, 0.70599655454233
0.01165, -2.1897903614984293, 318.983846132981, 184.99598648545756, 180.93571713265496, 180.9470025108258, 4.060269352802605, 0.3726200542388395, 0.37264663016702143, 1.1274065216893425, -0.01906444810037122, 0.38407450895696393, 0.007609993382246794, 6.946649958847741, 4.005065484856149, 3965.3125842670283, 5616.617473207906, 0.7059965545423298
0.01175, -2.2706956162901557, 323.2692940941495, 187.7693512459503, 182.50280048240825, 182.43358808360603, 5.26655076354207, 0.38028586730820496, 0.3803129746507752, 1.1197412400343654, -0.019204116021887943, 0.3917043460401518, 0.007785637289941083, 6.946088477366252, 4.039443729361352, 3964.351141135288, 5615.255649094807, 0.7059965545423299
0.01185, -2.3527067598038482, 326.00012571072017, 188.85287997469067, 183.9090803697624, 183.88493779596294, 4.943799604928267, 0.38805502607031295, 0.3880826748926631, 1.1119726227520372, -0.0193435807644288, 0.39940463269059007, 0.00799397414415166, 6.945445576131691, 4.073821973866555, 3963.250471155665, 5613.696618852319, 0.70599655454233
0.01195, -2.434014998577104, 329.22598319770754, 190.4203334457295, 185.40433176537465, 185.4536968589005, 5.016001680354872, 0.3958512267448371, 0.39587941170077623, 1.104176958211102, -0.01948284404262516, 0.4071774650592491, 0.008156605728213114, 6.945102469135801, 4.108200218371758, 3962.663143053871, 5612.864705299746, 0.70599655454233
0.01205, -2.5180857266290264, 332.6068031020562, 192.28384757154296, 187.04619443581558, 187.0101333318432, 5.23765313572739, 0.4037744088563743, 0.4038031400867577, 1.096254322374009, -0.01962190754241065, 0.41502633358627666, 0.008369982812508269, 6.944417674897122, 4.142578462876961, 3961.491090655904, 5611.2045663225435, 0.7059965545423299
0.01215, -2.6017512812431005, 334.724612347611, 192.73085739892724, 188.51802404891464, 188.56453911407058, 4.212833350012614, 0.4117320317907426, 0.41176131950114203, 1.0882972559196569, -0.019760772921735607, 0.4229471985916834, 0.008545606120794802, 6.9439542489711945, 4.176956707382163, 3960.6980500071263, 5610.081273802667, 0.7059965545423296
0.01225, -2.6913309239600958, 338.5188540717253, 195.0149392875216, 190.15441240185405, 190.1259945188432, 4.860526885667547, 0.4197563318452665, 0.4197861788701224, 1.0802735151795892, -0.01989944181125809, 0.43094397445488225, 0.008711799201642364, 6.943567942386836, 4.211334951887366, 3960.037061226417, 5609.14502450165, 0.7059965545423298
0.01235, -2.7772067065220662, 341.22568672869244, 196.1294967600914, 191.64169428809862, 191.60729821453012, 4.48780247199279, 0.4278951164773383, 0.4279255232915603, 1.0721352903368837, -0.020037915815012255, 0.4390131196512369, 0.00891991264111366, 6.9430183641975285, 4.245713196392569, 3959.096833768215, 5607.813251064297, 0.7059965545423299
0.01245, -2.8632383489186104, 344.18351019354986, 197.43819594556658, 193.1165595845948, 193.1537441374084, 4.321636360971792, 0.4360486582711059, 0.4360796320312274, 1.0639823154890156, -0.02017619651105515, 0.44715432676983063, 0.009070528012330407, 6.942666152263373, 4.280091440897772, 3958.4943420234713, 5606.959859159099, 0.7059965545423299
0.01255, -2.9537721487188615, 348.20137634084074, 199.9052727134369, 194.7340335864907, 194.7273928465433, 5.1712391269461815, 0.44432866857074527, 0.44436021746122273, 1.0557028803197321, -0.020314285452092677, 0.4553709871516252, 0.00927196687121273, 6.942219516460904, 4.314469685402975, 3957.730417248184, 5605.877807454494, 0.70599655454233
0.01265, -3.0432877249520307, 351.89828172644354, 201.98812183517546, 196.2644495853782, 196.2808156355666, 5.7236722497972545, 0.45267404934191974, 0.45270617386754386, 1.0473580751837044, -0.020452184166085643, 0.4636610365867594, 0.009465196921246016, 6.941690380658438, 4.348847929908177, 3956.8255118755187, 5604.5960655439385, 0.7059965545423299
0.01275, -3.1344872490629028, 354.9996254249845, 203.50408310261247, 197.84077417259883, 197.83991647623748, 5.663308930013637, 0.46113057387143763, 0.46116328247922583, 1.0389021347363505, -0.020589894156836593, 0.47202556855554945, 0.00969489947272476, 6.941163662551438, 4.38322617441338, 3955.9248781417887, 5603.320374142988, 0.7059965545423299
0.01285, -3.226538465022713, 357.9406293962494, 204.9181276838656, 199.38290798907417, 199.3193070380043, 5.535219694791446, 0.469624032896567, 0.46965732775873636, 1.0304092619656022, -0.02072741690455829, 0.4804637729422647, 0.009887676858860573, 6.940652139917693, 4.417604418918583, 3955.0503579209803, 5602.081670901192, 0.7059965545423299
0.01295, -3.3172789863808774, 360.7523871464672, 206.06322823848055, 200.79954194677495, 200.80397281329238, 5.263686291705604, 0.4782209800219888, 0.4782548632453469, 1.0218129032013692, -0.020864753866424474, 0.4889726533397801, 0.01011308054863321, 6.9401078292181095, 4.451982663423786, 3954.1199234200867, 5600.763768575881, 0.7059965545423298
0.01305, -3.4123446549907306, 364.0942901775165, 207.79136036115847, 202.35125728557762, 202.38545923660627, 5.440103075580851, 0.4868486905905354, 0.48688317623608957, 1.0131857950550187, -0.02100190647710357, 0.49755541112893575, 0.010295185938703235, 6.939669845679011, 4.486360907928989, 3953.371348532663, 5599.70345902818, 0.7059965545423301
0.01315, -3.5061736739360176, 367.8795613614446, 210.0170505441977, 203.9625826994102, 203.95542902007435, 6.054467844787509, 0.4956052018319748, 0.495640284467575, 1.0044298808036254, -0.021138876149276113, 0.5062134710165822, 0.010530606964668721, 6.939154547325104, 4.520739152434192, 3952.4907528287226, 5598.456150244201, 0.7059965545423299
0.01325, -3.6015023408400415, 369.8417773866617, 210.38368021640895, 205.4917170342812, 205.48696040508517, 4.891963182127741, 0.5044136457864811, 0.5044493345673692, 0.9956220429944072, -0.021275664274136373, 0.5149448832536709, 0.010744426806946454, 6.938634804526749, 4.555117396939394, 3951.6026944656996, 5597.198271069992, 0.7059965545423298
0.01335, -3.7006398367393563, 374.0927659346567, 213.05864971104742, 207.0255374893535, 207.0143768960173, 6.033112221693932, 0.5132638459418687, 0.5133001555411005, 0.9867724636573632, -0.021412272221878866, 0.5237497571352464, 0.010926361028501141, 6.93831809670781, 4.589495641444597, 3951.061616984451, 5596.431868631102, 0.7059965545423299
0.01345, -3.7971341209394036, 377.61701000246455, 215.0108591533627, 208.54647875578888, 208.4982528093404, 6.46438039757381, 0.5222752596485071, 0.5223121830309957, 0.9777616637339815, -0.02154870134217026, 0.5326277834921126, 0.01119617749856478, 6.937637633744853, 4.6238738859498, 3949.8992513832636, 5594.785450396184, 0.7059965545423299
0.01355, -3.8927953177230394, 379.78315670286065, 215.51363370211465, 209.993123359225, 210.0207386588975, 5.520510342889651, 0.5312937300631109, 0.5313312715831929, 0.9687438114569712, -0.02168495296460727, 0.5415771846601676, 0.011401498367550536, 6.937193611111112, 4.658252130455003, 3949.1408956515133, 5593.711286893727, 0.7059965545423298
0.01365, -3.996076228216677, 383.70610253418226, 217.93668374919886, 211.5907386328007, 211.52440642463952, 6.345945116398165, 0.5404085696561983, 0.5404467443220148, 0.9596296050096181, -0.02182102839916103, 0.5506015478051733, 0.01162805025018606, 6.9367283230452665, 4.692630374960206, 3948.346324391836, 5592.585826359161, 0.7059965545423298
0.01375, -4.093159397708148, 386.78628481587657, 219.29636769141723, 213.0008635104827, 213.05666633344515, 6.29550418093453, 0.5496143469369631, 0.549653148031711, 0.9504244541577848, -0.02195692893660845, 0.5596964065832215, 0.011874869290350018, 6.936206512345677, 4.727008619465408, 3947.4553563669315, 5591.323825830726, 0.7059965545423301
0.01385, -4.1965623652900765, 390.03260324229655, 220.99182239625364, 214.65429361830968, 214.66870191685345, 6.337528777943969, 0.5588762544007773, 0.558915695933991, 0.9411631871324365, -0.022092655848950992, 0.5688675464451508, 0.012101363804577488, 6.935721779835397, 4.761386863970611, 3946.6278177593995, 5590.151669108137, 0.7059965545423299
0.01395, -4.298427668181702, 394.5260636003708, 223.94521127149383, 216.22574049424415, 216.1811022115124, 7.719470777249686, 0.5682370319688665, 0.5682771108505724, 0.9318030469128393, -0.02222821038982138, 0.5781130294229326, 0.012352212935755268, 6.935152602880656, 4.795765108475814, 3945.656262670354, 5588.775522039437, 0.7059965545423299
0.01405, -4.399849078667242, 395.65763569663494, 223.44697422114322, 217.67930077821333, 217.65362956929224, 5.767673442929884, 0.5777134863609532, 0.5777542099438286, 0.9223272372219222, -0.02236359379487865, 0.5874300461130014, 0.012647034042830442, 6.934520658436211, 4.830143352981017, 3944.5777535886205, 5587.2478813239195, 0.70599655454233
0.01415, -4.505268756792724, 398.5835940301965, 224.7510646502366, 219.17015978939904, 219.19653207677717, 5.580904860837563, 0.5871282925168181, 0.5871696721923833, 0.9129130871587471, -0.022498807282191943, 0.5968194717873337, 0.012807628011676252, 6.934333209876544, 4.86452159748622, 3944.2578819776004, 5586.7948031764945, 0.7059965545423301
0.01425, -4.611339191299405, 403.29474118614974, 227.93303750497344, 220.7647429492333, 220.7133101611472, 7.168294555740157, 0.5967444511285249, 0.5967864901132396, 0.9032975878561897, -0.02263385205261343, 0.6062837740153149, 0.013094529165823455, 6.933688909465019, 4.898899841991423, 3943.158547354759, 5585.2376643834405, 0.7059965545423299
0.01435, -4.71554665849731, 405.14614450903093, 228.12369285658616, 222.20408609551407, 222.22193337590906, 5.919606761072087, 0.6063841979916408, 0.6064268925355701, 0.8936584965522886, -0.0227687292901408, 0.6158192555509947, 0.013333671730786924, 6.933239660493827, 4.9332780864966255, 3942.392139240927, 5584.152095184977, 0.70599655454233
0.01445, -4.823472160693747, 410.39480058228537, 231.81591199883627, 223.7812725454824, 223.767328934627, 8.034639453353869, 0.6160887546004956, 0.6161321166087943, 0.8839546074078031, -0.02290344016226965, 0.6254291900477127, 0.013563004715052588, 6.93280239711934, 4.9676563310018285, 3941.6462736469352, 5583.095623182116, 0.7059965545423298
0.01455, -4.930227813308577, 413.210388274419, 232.9534349438439, 225.2951242341291, 225.3393604202414, 7.658310709714787, 0.6259791063312058, 0.626023134874411, 0.8740649222119994, -0.02303798582033604, 0.635112071396615, 0.013905020754926901, 6.932088220164616, 5.0020345755070315, 3940.428262750593, 5581.370386864025, 0.70599655454233
0.01465, -5.042711264878284, 414.4821869487459, 232.7145627568539, 226.92514385195042, 226.89696569317567, 5.789418904903474, 0.6358180973497342, 0.6358628093099918, 0.8642266146105235, -0.02317236739984976, 0.6448706683270663, 0.01411979642251765, 6.931751851851846, 5.0364128200122344, 3939.854681954725, 5580.557945511193, 0.7059965545423298
0.01475, -5.150371454246755, 418.17638786618147, 234.7513993781873, 228.41093868697087, 228.44667474140886, 6.340460691216426, 0.6457691729941354, 0.6458145603856439, 0.8542762143973731, -0.02330658602081838, 0.6547015521432187, 0.014374206871735096, 6.931293281892997, 5.070791064517437, 3939.0728105670287, 5579.450473551639, 0.70599655454233
0.01485, -5.262107208433934, 421.3707583252399, 236.4535598133757, 230.02417987169852, 229.96199902041275, 6.429379941677179, 0.6557845491136991, 0.6558306219106482, 0.84426152368325, -0.02344064278806259, 0.6646077562811422, 0.014617435620619465, 6.930813323045267, 5.10516930902264, 3938.254581475171, 5578.291503176228, 0.7059965545423299
0.01495, -5.374432603654834, 426.6264953140273, 240.02959821795028, 231.4420685386424, 231.46601402457267, 8.587529679307886, 0.6658881447126881, 0.6659349142047349, 0.8341586247793588, -0.023574538791522978, 0.6745846285330495, 0.01487805497116156, 6.930391975308637, 5.1395475535278425, 3937.536365430453, 5577.27419503202, 0.70599655454233
0.01505, -5.4863910285465725, 430.43261171269523, 242.19259200338257, 233.03137802916206, 233.08076092139294, 9.161213974220523, 0.6761544637886587, 0.6762019277074964, 0.823893000130179, -0.023708275106558686, 0.684636241410677, 0.015226497484540342, 6.92971001028807, 5.1739257980330455, 3936.3740944429173, 5575.6279108114295, 0.7059965545423297
0.01515, -5.602939501517442, 431.84998353993495, 242.09989499255425, 234.67188054472774, 234.6297479445184, 7.428014447826525, 0.6864397880592971, 0.6864879571865378, 0.8136083810679436, -0.02384185279423803, 0.6947638246542355, 0.015517816199299615, 6.929202654320983, 5.2083040425382485, 3935.509557543359, 5574.4033483203, 0.7059965545423298
0.01525, -5.715795581123421, 434.5581547931943, 243.15138868117486, 236.13000399477252, 236.15060077843137, 7.021384686402354, 0.696773781655019, 0.6968226496699865, 0.8032750863599485, -0.023975272901621523, 0.7049630398476846, 0.01578601470895592, 6.928768158436215, 5.2426822870434515, 3934.769275188452, 5573.354784626688, 0.70599655454233
0.01535, -5.831710445107055, 437.8504935444348, 244.8550248315646, 237.71303365385796, 237.72714843981828, 7.141991177706644, 0.707188411578166, 0.7072379921932725, 0.7928611690369406, -0.024108536462037443, 0.7152368557157456, 0.01606009232445788, 6.928259228395058, 5.2770605315486545, 3933.902291985272, 5572.126757099357, 0.7059965545423299
0.01545, -5.948083637056439, 441.4056100508381, 246.86508102972033, 239.2833676795552, 239.2472505918581, 7.581713350165137, 0.7176796027698659, 0.7177298990971459, 0.7823706935574142, -0.024241644495350212, 0.7255849755791681, 0.016336271686047916, 6.9278269341563865, 5.311438776053857, 3933.1659610548127, 5571.083790351542, 0.7059965545423299
0.01555, -6.064304422437265, 444.89601818873126, 248.70320348095083, 240.75342067360492, 240.76971408333063, 7.9497828073459065, 0.7282639770025914, 0.7283149875893596, 0.771787033584177, -0.024374598008221858, 0.736005009766685, 0.016633565244128182, 6.927283024691358, 5.34581702055906, 3932.2396453740107, 5569.771722077494, 0.70599655454233
0.01565, -6.183790953094714, 447.8110724908965, 250.03897045595107, 242.32783013404804, 242.32431636084203, 7.711140321903041, 0.7389218229068574, 0.7389735653994938, 0.7611299195857789, -0.02450739799436671, 0.7464994385156163, 0.016929782385607838, 6.926820648148145, 5.3801952650642635, 3931.4523003157224, 5568.6564970056115, 0.70599655454233
0.01575, -6.302125657983488, 451.9760833125254, 252.53482051389722, 243.8628334511194, 243.9322154850464, 8.671987062777804, 0.7496453807300542, 0.749697844150506, 0.7504070826903977, -0.0246400454347996, 0.7570673260445323, 0.017218100120321454, 6.926359012345678, 5.4145735095694665, 3930.6663214609193, 5567.543207075589, 0.7059965545423299
0.01585, -6.427034501084619, 454.57680909484424, 253.64799628025204, 245.54358376310392, 245.48920380773083, 8.104412517148123, 0.7605020912524082, 0.7605553043778153, 0.7395511218729989, -0.024772541298077797, 0.7677121507414267, 0.017562481809059286, 6.925765092592593, 5.448951754074669, 3929.6552706933426, 5566.111116846434, 0.70599655454233
0.01595, -6.545837117603829, 458.6034644937837, 256.03799345866054, 246.97768557957494, 246.9712139695591, 9.060307879085585, 0.7713498245847697, 0.7714037694673335, 0.728704120297794, -0.024904886540536773, 0.7784280452078282, 0.017826665917478328, 6.925425401234568, 5.483329998579872, 3929.0770799317356, 5565.29214576522, 0.7059965545423299
0.01605, -6.665391871067803, 461.7274119374398, 257.46712112936547, 248.50692220644353, 248.57379870840944, 8.960198922921936, 0.7823987937403845, 0.7824534704397115, 0.7176558829589427, -0.025037082106520097, 0.7892172643413438, 0.018218611505560773, 6.924710082304526, 5.517708243085075, 3927.8597166237546, 5563.567826715575, 0.7059965545423299
0.01615, -6.793439172412585, 464.99853468698916, 259.2368850771885, 250.18277441415827, 250.16312564182246, 9.054110663030256, 0.7933956845760312, 0.7934511294936013, 0.706659760341539, -0.02516912892860358, 0.8000833064059245, 0.018481507098710215, 6.924328230452681, 5.552086487590278, 3927.209966186735, 5562.647495826084, 0.7059965545423299
0.01625, -6.917130331529431, 469.4041514488761, 262.02593085817495, 251.68640426524925, 251.6613012972713, 10.339526592925678, 0.8046008383381612, 0.8046570410123903, 0.6954553643360679, -0.025301027927813892, 0.8110220796672925, 0.01887978659868267, 6.923694053497939, 5.586464732095481, 3926.131023415696, 5561.119240816769, 0.7059965545423298
0.01635, -7.041314848203202, 470.70161577921556, 261.6290069258201, 253.17888389400554, 253.2454499080293, 8.45012303181454, 0.8158080818793148, 0.8158650434937739, 0.6842488797351444, -0.025432780013841767, 0.8220333121602066, 0.019207549732949962, 6.923168899176951, 5.6208429766006835, 3925.237713454564, 5559.8539230820215, 0.70599655454233
0.01645, -7.1701648168792005, 472.3200313796053, 261.712778877603, 254.85439441681916, 254.8571282421384, 6.858384460783861, 0.8270751849999425, 0.8271329137524386, 0.6729825437525536, -0.02556438608525003, 0.8331213660946409, 0.01951820499055155, 6.922712222222217, 5.655221221105886, 3924.460996582453, 5558.753752171677, 0.70599655454233
0.01655, -7.296576324669662, 477.17851373651206, 264.91566427765997, 256.40304987547205, 256.4778142629316, 8.512614402187923, 0.8383597021939297, 0.8384181930471718, 0.6616987886593123, -0.025695847029676498, 0.8442832323499483, 0.019772316873657925, 6.922436306584363, 5.689599465611089, 3923.9917684963725, 5558.089119910994, 0.7059965545423299
0.01665, -7.42866605891095, 483.02097530348414, 269.2275414589358, 258.09579949557695, 258.08262455959806, 11.13174196335882, 0.8498587807594654, 0.8499180598443623, 0.6502004983254316, -0.025827163724032095, 0.8555223517095427, 0.02016359277395475, 6.9217683847736575, 5.723977710116292, 3922.8560411183876, 5556.480433054556, 0.7059965545423296
0.01675, -7.555413760010395, 485.2839987433473, 269.8749617701015, 259.6135685395127, 259.6006948145666, 10.261393230588808, 0.8614222549449151, 0.8614823040847889, 0.6386377941949587, -0.025958337034694027, 0.8668345682597375, 0.0205460237198716, 6.921198292181073, 5.758355954621495, 3921.886834902304, 5555.107613017615, 0.7059965545423301
0.01685, -7.686662243675307, 487.10428446582614, 270.056537628558, 261.13178269284697, 261.15063711868464, 8.924754935711015, 0.8730293849204869, 0.8730902311716016, 0.6270314613306278, -0.026089367817694574, 0.8782198888711726, 0.0208988638670088, 6.9207117798353925, 5.792734199126698, 3921.0598485206033, 5553.936238488406, 0.70599655454233
0.01695, -7.815341398987409, 490.8125086028343, 272.11821629597034, 262.7133003438934, 262.7799901574249, 9.404915952076918, 0.8846797713471082, 0.8847413909151545, 0.6153818482209381, -0.026220256918905182, 0.889679821155612, 0.021220207110401415, 6.920248590534974, 5.8271124436319, 3920.2726152961227, 5552.821171822125, 0.7059965545423299
0.01705, -7.951729102896216, 494.71730027706263, 274.5026339976527, 264.39071124142737, 264.36494702151276, 10.11192275622536, 0.8964639559831292, 0.896526387844737, 0.6035984758784786, -0.026351005174216336, 0.9012166597067892, 0.021598301450556367, 6.919736183127574, 5.861490688137103, 3919.4018540949955, 5551.5877929967955, 0.70599655454233
0.01715, -8.086017164363605, 498.10987373517276, 276.2187206027614, 265.88399635726444, 265.9278419990546, 10.33472424549693, 0.9083007824787598, 0.9083640205337993, 0.5917624555762797, -0.026481613409713202, 0.9128260275211426, 0.021956368367330368, 6.919220925925928, 5.895868932642306, 3918.526380114859, 5550.347738814516, 0.7059965545423298
0.01725, -8.220424498805713, 500.1220987384376, 276.6285131911277, 267.51620073912295, 267.5476810172216, 9.112312452004748, 0.920246950565479, 0.9203109929368082, 0.5798170918058503, -0.02661208244184712, 0.9245112338789617, 0.022347799128364362, 6.9186743518518545, 5.930247177147509, 3917.5978381144087, 5549.032517097814, 0.7059965545423298
0.01735, -8.355983469838415, 503.5707361586992, 278.55833681009597, 269.12418274889035, 269.0814959688439, 9.434154061205646, 0.9321798537278744, 0.9322447041467187, 0.5678849966909699, -0.02674241307760318, 0.9362717126497966, 0.022650554155680996, 6.918290730452678, 5.964625421652712, 3916.946214280587, 5548.109532658826, 0.7059965545423299
0.01745, -8.487572502199837, 509.11284354408764, 282.3915715244966, 270.58419352743505, 270.6329461067352, 11.807377997061574, 0.9442906821223035, 0.944356330925528, 0.555774966680921, -0.026872606114663886, 0.9481039399439574, 0.023059348293010064, 6.9177288168724305, 5.999003666157915, 3915.991871686029, 5546.757766012915, 0.7059965545423298
0.01755, -8.627658611791064, 511.2505212519023, 282.952949379679, 272.2265937778893, 272.2319540184489, 10.7263556017897, 0.9564882014203581, 0.9565546843044475, 0.5435782814637313, -0.02700266234156909, 0.9600122583094418, 0.0234786054524853, 6.917131399176952, 6.033381910663117, 3914.977399652531, 5545.320829774386, 0.70599655454233
0.01765, -8.76676345688974, 512.466264750137, 282.48464646289443, 273.7827649358045, 273.86718381422367, 8.701881527089936, 0.968701096406968, 0.9687684100056462, 0.5313662171917102, -0.027132582537872315, 0.9719946224419154, 0.023839056502924925, 6.916722242798365, 6.06776015516832, 3914.2827143268023, 5544.336851423133, 0.70599655454233
0.01775, -8.91141217835533, 517.1024609110174, 285.5755967893657, 275.49711410871765, 275.52980537652303, 10.07848268064807, 0.9809566631812053, 0.9810248241070687, 0.5191114977446581, -0.027262367474293447, 0.984054810013368, 0.024164220642130727, 6.916333395061727, 6.102138399673523, 3913.622586152961, 5543.4018211179655, 0.70599655454233
0.01785, -9.050333411737034, 522.1358798235326, 289.01810499198155, 277.1089592590061, 277.1115484991851, 11.909145732975444, 0.9933909202286596, 0.9934599093331299, 0.5066780688758107, -0.02739201791286808, 0.9961903966287117, 0.02459254151281601, 6.915759300411527, 6.136516644178726, 3912.648108852534, 5542.0215349194605, 0.7059965545423299
0.01795, -9.192087942809325, 525.1426943833604, 290.37947693060363, 278.6609666427769, 278.69166347343344, 11.718510287826755, 1.0058868150530706, 1.0059566515700287, 0.4941830214638874, -0.027521534607093456, 1.008399962510995, 0.025008387149169153, 6.915195473251029, 6.170894888683929, 3911.691217211075, 5540.666157707911, 0.70599655454233
0.01805, -9.334024363693212, 528.066164807431, 291.6922446022111, 280.2692180570012, 280.2921907432576, 11.423026545209867, 1.018464636920572, 1.018535316919671, 0.4816060430785267, -0.02765091830207117, 1.0206848510762696, 0.025430704146373714, 6.914608364197534, 6.205273133189131, 3910.69497884337, 5539.255048317511, 0.7059965545423299
0.01815, -9.478217931987446, 530.5084332468292, 292.5378352695207, 281.862361313483, 281.8681119546277, 10.675473956037697, 1.0311001171756753, 1.0311716533593374, 0.4689714190079868, -0.02778016973464672, 1.0330447097638693, 0.02583557714645266, 6.914133096707821, 6.239651377694334, 3909.8886431811693, 5538.112924241958, 0.7059965545423298
0.01825, -9.622605983653768, 533.1195962624544, 293.5597606116651, 283.4213136222906, 283.4065580194599, 10.138446989374541, 1.043794548771523, 1.0438669427269798, 0.4562778451839338, -0.027909289633545963, 1.0454787283683769, 0.026225110036692183, 6.913676728395066, 6.274029622199537, 3909.11447605802, 5537.016364891676, 0.70599655454233
0.01835, -9.765184244938329, 537.2537699028671, 296.06171776455983, 284.93931646387307, 284.9495757190891, 11.122401300686752, 1.0565547028769728, 1.0566279478980694, 0.4435185421441237, -0.02803827871950862, 1.057985930797783, 0.026607050798698424, 6.913226759259254, 6.30840786670474, 3908.3512643316953, 5535.935323176368, 0.7059965545423299
0.01845, -9.904643774765804, 541.9528889551417, 299.06259005691896, 286.5071881975647, 286.5960212232066, 12.555401859354264, 1.0694465267239621, 1.0695206080735502, 0.43062755462562574, -0.0281671377054188, 1.070567503744799, 0.027046160684582, 6.912689855967082, 6.342786111209943, 3907.44072988703, 5534.645608037098, 0.70599655454233
0.01855, -10.062372006774718, 544.3090821982248, 299.8722504248668, 288.2323186835384, 288.24454246901854, 11.639931741328443, 1.082431047237016, 1.0825060443476107, 0.41764394987357845, -0.02829586729643275, 1.08322720414057, 0.02749971039287885, 6.912141923868313, 6.377164355715146, 3906.511637503715, 5533.329606737465, 0.7059965545423298
0.01865, -10.207491679501533, 547.0078863400872, 300.92418015765963, 289.805188457629, 289.8541030712877, 11.11899170003062, 1.0954353710244602, 1.095511229285211, 0.40464048723629076, -0.028424468190103875, 1.095961419893392, 0.02789841932117197, 6.91170377572017, 6.411542600220348, 3905.768804516356, 5532.277430232381, 0.7059965545423298
0.01875, -10.362326951312301, 552.2610640671302, 304.5761228569776, 291.4515709742726, 291.48434917634773, 13.12455188270495, 1.1085487499433984, 1.1086255184205185, 0.39152801853372177, -0.028552941076504974, 1.1087719091201709, 0.028329781899732516, 6.911185606995886, 6.445920844725551, 3904.890426804761, 5531.033263095949, 0.70599655454233
0.01885, -10.515025699473915, 556.8794509425277, 307.62131610038324, 293.0662024236327, 293.04046052736106, 14.555113676750523, 1.1218038944915023, 1.1218815627434058, 0.37827377376040117, -0.02868128663834799, 1.121657926276015, 0.028827254853835346, 6.91055995884774, 6.480299089230754, 3903.8300300314486, 5529.531277333428, 0.7059965545423299
0.01895, -10.657357370127349, 558.386053937457, 307.4195231516271, 294.56414145560353, 294.6148966462804, 12.855381696023576, 1.1351377851405395, 1.1352163067100765, 0.3649407364289974, -0.028809505551101112, 1.1346166938372872, 0.02933059685435351, 6.909941121399173, 6.514677333735957, 3902.7813654228294, 5528.04590944902, 0.70599655454233
0.01905, -10.816481306541874, 557.8248296989516, 305.26444623682585, 296.2148029791886, 296.2461424394762, 9.04964325763722, 1.1484648646828195, 1.1485443152350951, 0.35161458586945615, -0.028937598483103486, 1.1476518512989693, 0.02975061186695364, 6.909498950617285, 6.54905557824116, 3902.0321902424303, 5526.984749623837, 0.7059965545423298
0.01915, -10.973366817174087, 564.0226934862055, 309.85179092628863, 297.82716590491754, 297.87697632977205, 12.024625021371085, 1.1617719588483344, 1.1618523276399844, 0.33830840994331557, -0.02906556609567749, 1.1607624970705517, 0.03007502787346016, 6.909188755144036, 6.583433822746363, 3901.5066796119645, 5526.240396656267, 0.7059965545423301
0.01925, -11.12425077027077, 569.9874374486438, 314.22445368278346, 299.4767980648452, 299.47444012466974, 14.747655617938266, 1.1753949645881199, 1.1754762234530933, 0.3246862942768536, -0.02919340904323863, 1.1739495287032948, 0.030638844928063767, 6.9085001440329235, 6.617812067251565, 3900.3402533400636, 5524.588226735047, 0.7059965545423299
0.01935, -11.279384338934255, 570.1862108652082, 312.7658919465777, 301.02261100560855, 301.05706931567033, 11.743280940969143, 1.1889868542994046, 1.1890690301507663, 0.31109532155195696, -0.02932112797340321, 1.1872104800505738, 0.031097502222233984, 6.908025565843616, 6.652190311756768, 3899.5365090145824, 5523.449773126019, 0.7059965545423298
0.01945, -11.435067610161582, 577.489869453693, 318.49055017211157, 302.6420320753991, 302.642890127957, 15.848518096712494, 1.2026193507707306, 1.2027024375679214, 0.29746373602646003, -0.02944872352709372, 1.2005471077951997, 0.03152096650262471, 6.907574670781896, 6.686568556261971, 3898.7729766670964, 5522.368277270871, 0.7059965545423298
0.01955, -11.592808550603959, 575.7237942121429, 315.0581163485918, 304.194606957278, 304.1997028490753, 10.863509391313833, 1.2165599644921192, 1.2166439864205592, 0.2835240574363207, -0.029576196338642113, 1.2139578245609253, 0.03217833626983611, 6.9068175102880645, 6.720946800767174, 3897.491047720657, 5520.552505029219, 0.7059965545423299
0.01965, -11.757789032449754, 578.552470420827, 316.30223124531045, 305.75566629564645, 305.78377668647414, 10.546564949664004, 1.2301081370820757, 1.2301931222035645, 0.26997684803941335, -0.02970354703589093, 1.227442833108788, 0.03236885100917845, 6.9067286522633795, 6.755325045272377, 3897.34062291226, 5520.339437688552, 0.7059965545423299
0.01975, -11.911235375684075, 589.6939673732049, 325.73722892988155, 307.3628064986602, 307.43980456247886, 18.374422431221394, 1.2441838101437699, 1.2442697018365412, 0.2559020815490014, -0.029830776240292345, 1.2410032347766207, 0.033011351607441626, 6.905973858024695, 6.789703289777579, 3896.063012803864, 5518.529782811093, 0.7059965545423299
0.01985, -12.07127642758986, 586.4462020310277, 320.9584196944135, 309.0680067098281, 309.0341958500472, 11.890412984585371, 1.2582639500277506, 1.2583507684004704, 0.24182286834496924, -0.029957884567005308, 1.2546413773704845, 0.03358045722427132, 6.905345493827161, 6.824081534282782, 3894.9996187862403, 5517.0235516393095, 0.7059965545423299
