Number of particles: 108
dryVolFracMax: 0.02
dryVolFracIncrement: 5.0E-4
Initial configuration: FCC
Dry microgel radius [nm]: 50.0
Box length [units of dry radius]: 28.164093606817634
Number of monomers: 2916666.666666667
Number of chains: 2916.666666666667
Flory interaction parameter (chi): 0.0
Young's calibration factor: 1.0
x-link fraction: 0.001
Reservoir swelling ratio: 3.505574917793274
Mean swelling ratio: 3.498520185185184
Dry volume fraction: 0.020250000000000015
Reservoir volume fraction: 0.8723741459669347
Actual volume fraction: 0.8465172826847158
MC steps: 20000
Equilibration steps: 10000.0
Snapshot interval: 100
Displacement tolerance: 0.1
Particle radius change tolerance: 0.05
Particle radius bin width: 0.001
g(r) bin width: 0.005
The coupling constant increment - dlambda: 0.0
DryVolFrac, mu/kT, (PV/NKT)total, (PV/NKT)_Virial, (PV/NKT)_pair/calculated, (PV/NKT)_FR, <F_total>/V, QMelting, <F_id>/V, <F_pair>/V, <F_FR>/V,  <alpha>, Zeta
7.5E-4, -8.16918985322964, 1.0049661353485952, 1.002740776741294, 1.0190867235501533, 0.0022253586073014233, -0.0016300088913845222, 1.5016300187051996, -0.0017184551416278252, 3.271561247161677E-7, 8.811909411858685E-5, 3.5050524074074065, 0.032310153554330895
0.00125, -7.524577585876852, 1.0486344284163696, 1.0372598548532088, 1.0667632681031258, 0.011374573563160737, -0.002558811924280898, 1.5025591911915612, -0.00271165360943737, 4.992827766941328E-6, 1.478488573895303E-4, 3.5049545370370376, 0.05385025592388482
0.00175, -7.047042246802599, 1.110956018806917, 1.1111706232943266, 1.168463377603723, -2.146044874096896E-4, -0.0034263694675906948, 1.5034277855879228, -0.003655743101574757, 2.0259974541642172E-5, 2.0911365944242021E-4, 3.505043796296295, 0.07539035829343875
0.00225, -6.633015341278441, 1.2656879702583472, 1.2575191671400698, 1.2628905585334647, 0.008168803118277279, -0.004241169335914973, 1.504245878719615, -0.00456524810492825, 5.678762498983466E-5, 2.6729114402344184E-4, 3.5051109259259263, 0.09693046066299268
0.00275, -6.271639372589101, 1.3380830553144394, 1.3254884315135416, 1.3523705109745072, 0.012594623800897764, -0.0050098852363439535, 1.5050176085118552, -0.005448004534695674, 1.0825941680575391E-4, 3.2985988154596627E-4, 3.505107592592593, 0.11847056303254662
0.00325, -5.884359625917864, 1.442030673926132, 1.4384323052561168, 1.5120175531543945, 0.003598368670015275, -0.0057384129470709365, 1.505749642226654, -0.006308936832459306, 1.8027694857858715E-4, 3.902469368097822E-4, 3.505106111111112, 0.14001066540210055
0.00375, -5.474546589736403, 1.586680996309347, 1.6530539249382281, 1.7600633277775974, -0.06637292862888122, -0.00641467261843676, 1.5064349544856206, -0.007151431961720067, 2.859644339391356E-4, 4.5079490934417225E-4, 3.50499175925926, 0.16155076777165447
0.00425, -4.966707467577891, 1.9682097933616594, 1.9541465872753963, 1.9654409578251348, 0.014063206086263151, -0.007045364673486077, 1.507079050829196, -0.007977964101083191, 4.379858844803768E-4, 4.946135431167368E-4, 3.5050335185185193, 0.1830908701412084
0.00475, -4.395980058059945, 2.1196382343498184, 2.0889878680543315, 2.277627795022432, 0.03065036629548668, -0.007600386684971436, 1.5076418103930824, -0.008790420581887748, 6.19501987221679E-4, 5.705319096946335E-4, 3.505018703703704, 0.20463097251076234
0.00525, -4.00727725545068, 2.5106844571759916, 2.58089802389099, 2.5230301758655296, -0.07021356671499833, -0.008094827607446533, 1.5081630018608214, -0.009590288891495413, 8.734185239885429E-4, 6.220427600603366E-4, 3.5050363888888887, 0.2261710748803163
0.00575, -3.6309312701440777, 2.653190133527867, 2.615724044401114, 2.566553149984038, 0.037466089126753026, -0.008557053660288486, 1.5086319311338257, -0.01037877174272353, 0.0011494640918130305, 6.722539906220146E-4, 3.5050485185185183, 0.24771117724987024
0.00625, -3.1001405964448443, 2.7176099501591997, 2.6578799985583608, 2.8473527107499876, 0.05972995160083913, -0.008961648596952079, 1.5090443393445165, -0.011156861803155093, 0.0014473123387189306, 7.479008674840837E-4, 3.5050157407407405, 0.2692512796194242
0.00675, -2.399938734611288, 3.202608950947763, 3.169455822826283, 3.3372823858133285, 0.033153128121479886, -0.009297157710594566, 1.5094177185891031, -0.011925392354919073, 0.0018220570393331686, 8.061776049913378E-4, 3.505150648148148, 0.29079138198897814
0.00725, -1.9049778247519276, 3.6742370467406453, 3.6658093801208387, 3.5961338109374474, 0.008427666619806456, -0.009534591766048721, 1.5096976980151444, -0.012685072861692171, 0.0022752317825721516, 8.752493130712983E-4, 3.5049268518518524, 0.3123314843585321
0.00775, -1.2762911495875728, 3.653009890415145, 3.7103071645210073, 4.052516324015903, -0.057297274105862, -0.00975193766652914, 1.5099256028264938, -0.013436514678104073, 0.0027556634061994384, 9.289136053754949E-4, 3.5049787037037032, 0.33387158672808603
0.00825, -0.4920538803379707, 4.496752516366397, 4.569584010254081, 4.577111168210314, -0.07283149388768471, -0.009839283833970671, 1.5100826104202978, -0.014180250097584531, 0.0033595358470935696, 9.814304165202904E-4, 3.5050436111111107, 0.35541168909764
0.00875, 0.34877264004478814, 4.842603335619069, 4.800976751030412, 5.032362219151515, 0.04162658458865632, -0.009869406877514144, 1.5101468829560358, -0.014916746766229325, 0.004016852259128654, 0.0010304876295865266, 3.505012314814816, 0.37695179146719393
0.00925, 1.4774683544538836, 5.660486924818131, 5.480946358760056, 5.71635282236831, 0.17954056605807509, -0.009756020499453164, 1.510100432255506, -0.015646418791816046, 0.004781260245980725, 0.0011091380463821555, 3.5050386111111105, 0.3984918938367479
0.00975, 2.017384284907784, 6.189502470683155, 6.193972602666306, 6.110847584196795, -0.004470131983151182, -0.009516687289704368, 1.5099344624282263, -0.01636963544423861, 0.00565969155626213, 0.0011932565982721139, 3.504996574074074, 0.4200319962063018
0.01025, 2.7184610854029385, 6.135084351104475, 6.2940801350947755, 6.667955090535991, -0.15899578399029982, -0.00927440547786469, 1.5097163458252716, -0.017086728066834898, 0.006581866415859667, 0.001230456173110541, 3.5049965740740743, 0.4415720985758558
0.01075, 3.670849049811197, 7.205384335052133, 7.300077857445206, 7.2212471213033, -0.09469352239307328, -0.008867702510687112, 1.5094274889563342, -0.017797995636172695, 0.007654949469948998, 0.001275343655536584, 3.5049701851851864, 0.4631122009454097
0.01125, 4.7382105615301615, 7.508836694536373, 7.4354432622518765, 7.7920523000584305, 0.07339343228449624, -0.008398054820432231, 1.508998130483561, -0.01850370928538408, 0.008779168085973087, 0.0013264863789787622, 3.504990370370371, 0.4846523033149637
0.01175, 5.9318524894591835, 8.559453663809817, 8.4346810384095, 8.565401811420994, 0.12477262540031635, -0.007736538062270487, 1.508452261956224, -0.019204116021887978, 0.010056803012419404, 0.0014107749471980885, 3.5049852777777777, 0.5061924056845176
0.01225, 6.641562336918802, 8.98179531461199, 9.012491990322227, 9.059952101893744, -0.030696675710236866, -0.00698192935234814, 1.5077787927533857, -0.019899441811258127, 0.011441172856835677, 0.0014763396020743115, 3.5047847222222233, 0.5277325080540716
0.01275, 7.737457099613116, 9.417328270115238, 9.434452702866162, 9.775635806870223, -0.01712443275092461, -0.006150981848610106, 1.507030858817231, -0.020589894156836635, 0.01291494813400542, 0.0015239641742211072, 3.504948796296296, 0.5492726104236255
0.01325, 8.90229042001497, 10.501488588103365, 10.447581761967072, 10.471895003720492, 0.05390682613629311, -0.005134747535800779, 1.5061663467717996, -0.021275664274136418, 0.014549138691541565, 0.0015917780467940745, 3.5049274074074073, 0.5708127127931795
0.01375, 10.31849534401425, 10.96568556908552, 10.852720764793355, 11.43214243813326, 0.11296480429216545, -0.004025716560832594, 1.505123145036581, -0.0219569289366085, 0.016274244702574946, 0.0016569676732009603, 3.5048264814814827, 0.5923528151627334
0.01425, 12.294027610091366, 12.334692954942488, 12.36984486655655, 13.114639865227904, -0.03515191161406105, -0.0026713882268949163, 1.5039891610063179, -0.022633852052613486, 0.018223210678557575, 0.0017392531471609953, 3.504846296296295, 0.6138929175322874
0.01475, 14.523600978998116, 14.204856354698338, 14.258376789041636, 14.887065841834314, -0.053520434343297216, -0.001090733663851172, 1.5026588648827022, -0.023306586020818438, 0.020445223732072717, 0.00177062862489455, 3.5047894444444445, 0.6354330199018413
0.01525, 17.390472429957935, 16.102440817277902, 15.965191395950411, 17.0347978926318, 0.13724942132748982, 7.958661040578449E-4, 1.5010444231737567, -0.02397527290162159, 0.02292462030240476, 0.0018465187032746723, 3.504761666666668, 0.6569731222713953
0.01575, 21.157800239202004, 18.422366119546858, 18.595066402295163, 20.51659756068629, -0.1727002827483062, 0.003060935811045523, 1.4991503101660046, -0.024640045434799668, 0.025776503541532127, 0.0019244777043130638, 3.504757685185186, 0.6785132246409492
0.01625, 26.993821384938194, 22.907715533663296, 22.996702255658175, 25.575795703915063, -0.08898672199487967, 0.0058469188435876715, 1.496997501702407, -0.025301027927813958, 0.029220468163044792, 0.0019274786083568365, 3.5046257407407406, 0.7000533270105032
0.01675, 36.44055095652744, 29.062535746692767, 28.83171076003837, 33.83283336687135, 0.23082498665439757, 0.009505235970574462, 1.4941506309243993, -0.025958337034694103, 0.03344172524776147, 0.002021847757507094, 3.5044572222222223, 0.7215934293800571
0.01725, 52.447204165349724, 39.87465077353121, 39.66475330982483, 48.70515300490504, 0.20989746370637546, 0.014546459564172828, 1.4907303482552603, -0.0266120824418472, 0.039055250662434045, 0.0021032913435859823, 3.5043188888888888, 0.743133531749611
0.01775, 80.77768862384269, 59.839479275559924, 58.86627018722643, 74.60671640783451, 0.9732090883334998, 0.02202608366197234, 1.486388046960484, -0.02726236747429353, 0.04709456411746029, 0.0021938870188055824, 3.5039404629629636, 0.764673634119165
0.01825, 125.3610031762197, 94.55772999617075, 91.9771984083645, 115.01567858341357, 2.5805315878062514, 0.03383071221820662, 1.4809499375553528, -0.027909289633546053, 0.05928077468389623, 0.002459227167856436, 3.5032762037037033, 0.786213736488719
0.01875, 183.62888629045221, 145.14853343038183, 140.54668474225315, 167.4205616571055, 4.601848688128676, 0.05195381865165358, 1.4751653426002251, -0.02855294107650506, 0.07756206399876567, 0.0029446957293929703, 3.502335555555555, 0.8077538388582729
0.01925, 251.27143843161537, 205.53298793822006, 198.01568349841776, 226.85353776788412, 7.517304439802293, 0.07766887963958419, 1.4687828594635037, -0.02919340904323873, 0.10314740062695057, 0.0037148880558723436, 3.5011759259259256, 0.8292939412278268
