Number of particles: 32
dryVolFracMax: 0.02
dryVolFracIncrement: 0.001
Initial configuration: FCC
Dry microgel radius [nm]: 50.0
Box length [units of dry radius]: 18.69942456221289
Number of monomers: 2916666.666666667
Number of chains: 2916.666666666667
Flory interaction parameter (chi): 0.0
Young's calibration factor: 1.0
x-link fraction: 0.001
Reservoir swelling ratio: 3.505574917793274
Mean swelling ratio: 3.497883125
Dry volume fraction: 0.02050000000000001
Reservoir volume fraction: 0.8831441971517116
Actual volume fraction: 0.8535024286945878
MC steps: 20000
Equilibration steps: 10000.0
Snapshot interval: 100
Displacement tolerance: 0.1
Particle radius change tolerance: 0.05
Particle radius bin width: 0.001
g(r) bin width: 0.005
The coupling constant increment - dlambda: 0.0
DryVolFrac, mu/kT, (PV/NKT)total, (PV/NKT)_Virial, (PV/NKT)_pair/calculated, (PV/NKT)_FR, <F_total>/V, QMelting, <F_id>/V, <F_pair>/V, <F_FR>/V,  <alpha>, Zeta
0.0015, -7.18949848040057, 1.1338203482131695, 1.095150762954666, 1.1445399349903354, 0.03866958525850339, -0.0029671669016948783, 1.502968179465553, -0.0031698292623070145, 2.2715571394800424E-5, 1.7994678921733575E-4, 3.505025312500001, 0.06462030710866179
0.0025, -6.201916173329421, 1.2142440754411876, 1.257362948995782, 1.512028811416727, -0.043118873554594345, -0.004561443381892241, 1.5045666106030213, -0.004978172183960347, 9.930016391007976E-5, 3.174286381580264E-4, 3.5050156250000004, 0.10770051184776964
0.0035, -5.205519741984296, 1.8577636089951937, 1.8696398534359844, 1.9153578860321523, -0.011876244440790783, -0.0059283637485757264, 1.5059527966617214, -0.006688297154269363, 3.4663145155018426E-4, 4.133019541434526E-4, 3.5050946875000006, 0.1507807165868775
0.0045, -4.5678925641395445, 2.2336129912097564, 2.2095444481814592, 1.975942862314443, 0.024068543028297053, -0.007046895976789987, 1.5070914272804876, -0.008329253147010593, 7.344264758621082E-4, 5.47930694358498E-4, 3.5051025, 0.19386092132598537
0.0055, -3.932381380193017, 2.03130597971823, 2.0111289315988627, 2.2290898460559037, 0.02017704811936697, -0.00810937179186229, 1.5081507609664502, -0.009916711992579683, 0.0011390216107378, 6.683185899795943E-4, 3.5050278125, 0.23694112606509324
0.0065, -2.674399918449395, 2.612874499094903, 2.63089238444001, 3.0987805476675625, -0.018017885345106826, -0.008924469781130732, 1.509007207043864, -0.01146052257414119, 0.0017354633260055967, 8.005894670048603E-4, 3.5051628125000014, 0.2800213308042011
0.0075, -1.4387535424597226, 3.8267605078898845, 3.817575231578193, 3.7973410105915524, 0.009185276311691824, -0.009386303692339639, 1.5095589365293236, -0.012967458818696955, 0.0026751042223110534, 9.06050904046264E-4, 3.5050446875000008, 0.32310153554330895
0.0085, -0.013623369845051128, 4.115810896423432, 4.1527834871486675, 4.762164337091688, -0.036972590725235316, -0.009611423995651052, 1.5098329444514786, -0.014442469083457444, 0.0037844564000031815, 0.0010465886878032093, 3.5049756249999997, 0.3661817402824168
0.0095, 1.545431817775041, 5.725268719201523, 5.742460891405136, 5.706003589158438, -0.017192172203613017, -0.009392808372296866, 1.5097623296296867, -0.0158893280311008, 0.005361865704640124, 0.001134653954163809, 3.5050965625, 0.4092619450215247
0.0105, 3.1416550671615058, 6.071693861777447, 6.168752696533328, 6.780170230182306, -0.0970588347558811, -0.008873534656619879, 1.5093066013900096, -0.017311010636350373, 0.007160221432827297, 0.001277254546903198, 3.5049293749999992, 0.4523421497606326
0.0115, 4.75887936656263, 7.906570173219705, 7.883849925405891, 7.612308624777054, 0.022720247813813235, -0.007892778572011504, 1.5085679002201065, -0.01870992232484085, 0.009485545398269436, 0.001331598354559909, 3.5049715624999997, 0.4954223544997405
0.0125, 7.154067303646623, 8.130609697027651, 7.939362969835678, 9.176018602854773, 0.19124672719197375, -0.006601337132320468, 1.5072965135240142, -0.020088048431738215, 0.011967026310738869, 0.0015196849886788797, 3.504998125, 0.5385025592388484
0.0135, 10.052088082256201, 10.850795165972434, 10.967823273460729, 11.559147672565478, -0.1170281074882942, -0.004476963048249101, 1.5055804974617968, -0.021447055521300423, 0.015304030934354543, 0.0016660615386967792, 3.5048778124999997, 0.5815827639779563
0.0145, 13.874655593549603, 12.885245904247016, 12.888829351185807, 14.399545995302438, -0.0035834469387909483, -0.0018018186122618525, 1.5031812505612403, -0.02278836252088086, 0.0192759117936437, 0.0017106321149753067, 3.5049924999999997, 0.6246629687170642
0.0155, 21.308672859591226, 16.89676642347724, 16.73018190501807, 20.562379561668905, 0.16658451845916658, 0.002147697015984003, 1.4997876582180674, -0.024113192139738907, 0.024360589329669006, 0.0019002998260539041, 3.504788125000001, 0.6677431734561721
0.0165, 37.76487102767945, 25.52245999262062, 25.409427663804795, 35.527002734915925, 0.11303232881582594, 0.008372323236734317, 1.4948438251827862, -0.02542260896473407, 0.03175956186027166, 0.0020353703411967274, 3.504690937500001, 0.71082337819528
0.0175, 85.17168962629364, 47.92016315411544, 47.1239370583788, 79.54595146625657, 0.796226095736641, 0.020179094713833272, 1.4862932440034644, -0.026717548288057894, 0.04469566265774789, 0.00220098034414328, 3.504155625, 0.7539035829343879
0.0185, 183.2803103154592, 118.05891390938068, 114.60361942032719, 168.7220824263493, 3.4552944890534847, 0.04903880948327433, 1.4709807779537394, -0.027998838325265583, 0.07437056689971822, 0.0026670809088217007, 3.502849687499999, 0.7969837876734958
