0.0 1.0
0.005 1.0
0.01 1.0
0.015 1.0
0.02 1.0
0.025 1.0
0.03 1.0
0.035 1.0
0.04 1.0
0.045 1.0
0.05 1.0
0.055 1.0
0.06 1.0
0.065 1.0
0.07 1.0
0.075 1.0
0.08 1.0
0.085 1.0
0.09 1.0
0.095 1.0
0.1 1.0
0.105 1.0
0.11 1.0
0.115 1.0
0.12 1.0
0.125 1.0
0.13 1.0
0.135 1.0
0.14 1.0
0.145 1.0
0.15 1.0
0.155 1.0
0.16 1.0
0.165 1.0
0.17 1.0
0.17500000000000002 1.0
0.18 1.0
0.185 1.0
0.19 1.0
0.195 1.0
0.2 1.0
0.20500000000000002 1.0
0.21 1.0
0.215 1.0
0.22 1.0
0.225 1.0
0.23 1.0
0.23500000000000001 1.0
0.24 1.0
0.245 1.0
0.25 1.0
0.255 1.0
0.26 1.0
0.265 1.0
0.27 1.0
0.275 1.0
0.28 1.0
0.28500000000000003 1.0
0.29 1.0
0.295 1.0
0.3 1.0
0.305 1.0
0.31 1.0
0.315 1.0
0.32 1.0
0.325 1.0
0.33 1.0
0.335 1.0
0.34 1.0
0.34500000000000003 1.0
0.35000000000000003 1.0
0.355 1.0
0.36 1.0
0.365 1.0
0.37 1.0
0.375 1.0
0.38 1.0
0.385 1.0
0.39 1.0
0.395 1.0
0.4 1.0
0.405 1.0
0.41000000000000003 1.0
0.41500000000000004 1.0
0.42 1.0
0.425 1.0
0.43 1.0
0.435 1.0
0.44 1.0
0.445 1.0
0.45 1.0
0.455 1.0
0.46 1.0
0.465 1.0
0.47000000000000003 1.0
0.47500000000000003 1.0
0.48 1.0
0.485 1.0
0.49 1.0
0.495 1.0
0.5 1.391684437848114
0.505 1.4413887078426901
0.51 1.485164028514507
0.515 1.5222367009353301
0.52 1.5521090723215083
0.525 1.5745727826484286
0.53 1.5897018694572678
0.535 1.5978273644807683
0.54 1.59949620581511
0.545 1.5954182422175083
0.55 1.5864058214760508
0.555 1.5733109131142369
0.56 1.5569648711800408
0.5650000000000001 1.538125733006276
0.5700000000000001 1.5174373183578787
0.5750000000000001 1.495403319898096
0.58 1.4723781024802811
0.585 1.4485741746547043
0.59 1.424084453644075
0.595 1.398915757366531
0.6 1.3730286759818102
0.605 1.3463783143073005
0.61 1.3189504841328998
0.615 1.290788773788967
0.62 1.2620094154408892
0.625 1.2328027794953633
0.63 1.2034223461432358
0.635 1.1741638113467374
0.64 1.1453382917859076
0.645 1.1172442044388555
0.65 1.0901422411154187
0.655 1.0642370015842644
0.66 1.0396674757270992
0.665 1.0165069413313523
0.67 0.9947712641956752
0.675 0.9744333186762699
0.68 0.9554404826430566
0.685 0.9377319890775588
0.6900000000000001 0.9212533119016663
0.6950000000000001 0.9059656012541736
0.7000000000000001 0.8918492707974779
0.705 0.878901958543494
0.71 0.8671320323929028
0.715 0.8565494443612907
0.72 0.8471559803094688
0.725 0.8389368114920109
0.73 0.8318548055234615
0.735 0.8258484181056417
0.74 0.8208333003425518
0.745 0.8167071453513932
0.75 0.8133568542504991
0.755 0.8106668719940666
0.76 0.8085275278669728
0.765 0.8068423756092212
0.77 0.8055338026522658
0.775 0.8045464988638515
0.78 0.8038486829292035
0.785 0.8034312377837503
0.79 0.803305086045934
0.795 0.8034972425383997
0.8 0.8040460271687528
0.805 0.8049959258826496
0.81 0.8063925656078432
0.8150000000000001 0.8082782291960645
0.8200000000000001 0.8106882781875442
0.8250000000000001 0.8136487689868411
0.8300000000000001 0.817175435382824
0.835 0.8212740658642596
0.84 0.8259421356623354
0.845 0.8311713793256783
0.85 0.836950836980199
0.855 0.8432698068885301
0.86 0.8501201156544345
0.865 0.8574971918394271
0.87 0.8653995989349994
0.875 0.8738269308409704
0.88 0.8827762612714811
0.885 0.8922376201390539
0.89 0.9021891939465461
0.895 0.9125930690148661
0.9 0.9233923269823419
0.905 0.9345101544166831
0.91 0.945851360012323
0.915 0.957306343406255
0.92 0.9687571846324748
0.925 0.9800851843367894
0.93 0.9911789390512915
0.935 1.001941925140831
0.9400000000000001 1.0122986091443786
0.9450000000000001 1.022198294964495
0.9500000000000001 1.0316162289190736
0.9550000000000001 1.0405518622533052
0.96 1.0490245573458599
0.965 1.0570673588165804
0.97 1.0647196846428408
0.975 1.072019893988806
0.98 1.0789986490808798
0.985 1.08567382229202
0.99 1.0920474399463667
0.995 1.0981048469624004
1.0 1.103815971056912
1.0050000000000001 1.1091383071084926
1.01 1.1140210651886242
1.0150000000000001 1.1184098474782656
1.02 1.122251240205534
1.025 1.1254968116188047
1.03 1.1281061691221477
1.035 1.1300489155089843
1.04 1.1313055233836837
1.045 1.1318672914812482
1.05 1.1317356389901005
1.055 1.130921027391844
1.06 1.1294417776065964
1.065 1.1273229858419012
1.07 1.1245956523799414
1.075 1.1212960432948855
1.08 1.1174652237814162
1.085 1.1131486469780982
1.09 1.108395661321772
1.095 1.103258813318989
1.1 1.0977928658075606
1.105 1.092053514282406
1.11 1.0860958530454208
1.115 1.0799727058182917
1.12 1.0737329808167797
1.125 1.0674202303703617
1.1300000000000001 1.0610715867260185
1.135 1.0547172101855518
1.1400000000000001 1.0483803289007807
1.145 1.0420778802462185
1.1500000000000001 1.0358216919153853
1.155 1.029620076700222
1.16 1.0234796664929935
1.165 1.017407283751403
1.17 1.011411644579151
1.175 1.0055047057321398
1.18 0.9997025049582399
1.185 0.9940253954441484
1.19 0.9884976356796681
1.195 0.9831463608762278
1.2 0.9780000267228568
1.205 0.9730864764363982
1.21 0.968430833174401
1.215 0.964053456633998
1.22 0.9599682190520429
1.225 0.9561813457620842
1.23 0.9526910241037677
1.235 0.9494879100078711
1.24 0.9465565570565849
1.245 0.9438776674539672
1.25 0.9414309336379758
1.2550000000000001 0.9391981236078811
1.26 0.9371659847128436
1.2650000000000001 0.9353285196038947
1.27 0.9336882372677084
1.2750000000000001 0.9322561034690341
1.28 0.9310500970526867
1.285 0.9300924966777158
