0.0 1.0
0.005 1.0
0.01 1.0
0.015 1.0
0.02 1.0
0.025 1.0
0.03 1.0
0.035 1.0
0.04 1.0
0.045 1.0
0.05 1.0
0.055 1.0
0.06 1.0
0.065 1.0
0.07 1.0
0.075 1.0
0.08 1.0
0.085 1.0
0.09 1.0
0.095 1.0
0.1 1.0
0.105 1.0
0.11 1.0
0.115 1.0
0.12 1.0
0.125 1.0
0.13 1.0
0.135 1.0
0.14 1.0
0.145 1.0
0.15 1.0
0.155 1.0
0.16 1.0
0.165 1.0
0.17 1.0
0.17500000000000002 1.0
0.18 1.0
0.185 1.0
0.19 1.0
0.195 1.0
0.2 1.0
0.20500000000000002 1.0
0.21 1.0
0.215 1.0
0.22 1.0
0.225 1.0
0.23 1.0
0.23500000000000001 1.0
0.24 1.0
0.245 1.0
0.25 1.0
0.255 1.0
0.26 1.0
0.265 1.0
0.27 1.0
0.275 1.0
0.28 1.0
0.28500000000000003 1.0
0.29 1.0
0.295 1.0
0.3 1.0
0.305 1.0
0.31 1.0
0.315 1.0
0.32 1.0
0.325 1.0
0.33 1.0
0.335 1.0
0.34 1.0
0.34500000000000003 1.0
0.35000000000000003 1.0
0.355 1.0
0.36 1.0
0.365 1.0
0.37 1.0
0.375 1.0
0.38 1.0
0.385 1.0
0.39 1.0
0.395 1.0
0.4 1.0
0.405 1.0
0.41000000000000003 1.0
0.41500000000000004 1.0
0.42 1.0
0.425 1.0
0.43 1.0
0.435 1.0
0.44 1.0
0.445 1.0
0.45 1.0
0.455 1.0
0.46 1.0
0.465 1.0
0.47000000000000003 1.0
0.47500000000000003 1.0
0.48 1.0
0.485 1.0
0.49 1.0
0.495 1.0
0.5 1.2228887659528844
0.505 1.2573900221252134
0.51 1.289508416446973
0.515 1.3186130877913684
0.52 1.3441497677500032
0.525 1.3656914918476055
0.53 1.3829752895642393
0.535 1.3959168345032653
0.54 1.4046003273038195
0.545 1.4092467069482713
0.55 1.4101679425181504
0.555 1.407717444252107
0.56 1.4022461839576037
0.5650000000000001 1.3940714257792632
0.5700000000000001 1.3834611247854214
0.5750000000000001 1.3706332904033827
0.58 1.3557668952209798
0.585 1.3390196572798039
0.59 1.3205480918274421
0.595 1.3005260991087089
0.6 1.279159434933546
0.605 1.2566942986084682
0.61 1.2334188861773823
0.615 1.209657285000211
0.62 1.1857558083213577
0.625 1.1620629417993606
0.63 1.1389053913515683
0.635 1.1165639171014552
0.64 1.0952532320690256
0.645 1.0751098638052095
0.65 1.0561904502515151
0.655 1.038480771604142
0.66 1.021913505994032
0.665 1.0063909207024018
0.67 0.9918079862492203
0.675 0.9780718823082317
0.68 0.965115296388585
0.685 0.9529027431466212
0.6900000000000001 0.9414307224554614
0.6950000000000001 0.930723424069923
0.7000000000000001 0.9208257440470848
0.705 0.9117948238275727
0.71 0.9036906045172681
0.715 0.8965654664765509
0.72 0.8904531617136786
0.725 0.8853578966156749
0.73 0.8812452521093944
0.735 0.8780371696297349
0.74 0.8756130923159268
0.745 0.8738183953883892
0.75 0.8724796610979639
0.755 0.8714246138506729
0.76 0.8705031906269527
0.765 0.8696057315414538
0.77 0.8686748125791424
0.775 0.8677086528111679
0.78 0.8667558905856958
0.785 0.8659033053606442
0.79 0.8652593035618175
0.795 0.8649364386800897
0.8 0.8650359096268647
0.805 0.8656361042689829
0.81 0.8667861574892505
0.8150000000000001 0.8685044825620265
0.8200000000000001 0.8707815046266949
0.8250000000000001 0.8735854269151075
0.8300000000000001 0.8768697354994736
0.835 0.8805811938092836
0.84 0.8846672101315106
0.845 0.8890816473298497
0.85 0.8937883960485794
0.855 0.8987623720836644
0.86 0.9039880172202353
0.865 0.9094558228781956
0.87 0.9151577601426046
0.875 0.9210826866716367
0.88 0.9272127476016808
0.885 0.9335214993242107
0.89 0.9399740388216463
0.895 0.9465289408273754
0.9 0.9531414193092917
0.905 0.9597669314842361
0.91 0.9663644628903203
0.915 0.9728989377448336
0.92 0.9793425099776936
0.925 0.9856748089346921
0.93 0.9918824520652293
0.935 0.9979582378667226
0.9400000000000001 1.003900379269885
0.9450000000000001 1.0097119548652616
0.9500000000000001 1.0154005023987063
0.9550000000000001 1.0209774392020643
0.96 1.026456857712993
0.965 1.0318532841700778
0.97 1.0371782346919283
0.975 1.042435819733001
0.98 1.0476181284413597
0.985 1.052701509147476
0.99 1.0576449836754696
0.995 1.062391776852878
1.0 1.0668743028365988
1.0050000000000001 1.0710220569031292
1.01 1.0747709616932166
1.0150000000000001 1.0780721052348987
1.02 1.080897728563425
1.025 1.0832428714212439
1.03 1.0851221621877396
1.035 1.0865625507387715
1.04 1.0875939322138974
1.045 1.0882402211994457
1.05 1.0885132911208133
1.055 1.0884113158345157
1.06 1.0879217084238866
1.065 1.087027476766898
1.07 1.0857148538118127
1.075 1.0839798206045923
1.08 1.0818316812379518
1.085 1.0792929601236783
1.09 1.0763961681565535
1.095 1.0731789726969112
1.1 1.069679670397936
1.105 1.0659345020436
1.11 1.0619774340121064
1.115 1.0578419322621895
1.12 1.0535634016242144
1.125 1.0491806822194687
1.1300000000000001 1.0447353875916798
1.135 1.0402687767130083
1.1400000000000001 1.0358169184425394
1.145 1.0314057165048882
1.1500000000000001 1.0270475985187673
1.155 1.022741234945329
1.16 1.0184746974553114
1.165 1.0142313384094255
1.17 1.0099967816174762
1.175 1.005765074542913
1.18 1.001542371309371
1.185 0.9973473597275089
1.19 0.9932086946039401
1.195 0.9891605743445406
1.2 0.985238002280767
1.205 0.9814731023488418
1.21 0.9778932254800785
1.215 0.9745207688148212
1.22 0.9713739648052246
1.225 0.9684676310642593
1.23 0.9658130802738895
1.235 0.9634169532362363
1.24 0.9612793989970844
1.245 0.9593924957219583
1.25 0.9577398834117801
1.2550000000000001 0.9562982285482748
1.26 0.9550405005661141
1.2650000000000001 0.9539403652802244
1.27 0.9529765573162523
1.2750000000000001 0.9521360547960758
1.28 0.9514152586422291
1.285 0.9508190294096347
