This fits only B3, B4, B5, B6, B7, B8, B9 into the virial expansion since maxPower is set to 7. The fitted B3, B4, B5, B6, B7, B8, B9 values are in the file named VirialCoefficientsXlink3e-571.txt
Number of particles: 108
dryVolFracMax: 0.0025
dryVolFracIncrement: 1.0E-4
Initial configuration: FCC
Dry microgel radius [nm]: 50.0
Box length [units of dry radius]: 55.82726330677766
Number of monomers: 2916666.666666667
Number of chains: 87.50000000000001
Flory interaction parameter (chi): 0.0
Young's calibration factor: 1.0
x-link fraction: 3.0E-5
MC steps: 100000
Equilibration steps: 10000.0
Snapshot interval: 100
Displacement tolerance: 0.1
Particle radius change tolerance: 0.05
Particle radius bin width: 0.001
g(r) bin width: 0.005
phi0, phi, rho, mu/kT, Z_measured, Z_virial_Fit, <F_total>/V, QMelting, <F_id>/V, <F_ex>/V, <F_FR>/V, <alpha>, Zeta, B2_rho, B2_phi0, B2_HS, B2*
0, 0, 0, 0, 0, 0, 0, 0, 0, 0
2.0E-4, 0.06876327737098159, 4.774648292756861E-5, -14.586977591493895, 1.1742783302931377, 1.1594670940257306, -4.886098360459626E-4, 1.500489797673818, -5.213638970822166E-4, 7.78041030490739E-6, 2.4973650731346594E-5, 7.006384166666664, 0.06875648901040608, 4068.487831962053, 971.2799240489837, 5762.758763885889, 0.7059965545423298
3.0E-4, 0.10314688296073879, 7.161972439135293E-5, -8.395297431231326, 1.3070364096100442, 1.2765497085125763, -6.964768765370891E-4, 1.5006996583732648, -7.530065463303081E-4, 1.77952056056148E-5, 3.8734464187604186E-5, 7.007547006172836, 0.10313473351560913, 4070.5138914140894, 971.7636101141683, 5765.628550486122, 0.7059965545423299
4.0E-4, 0.13751583866812558, 9.549296585513724E-5, -7.750053457456766, 1.440346290135105, 1.4342471008600834, -8.894557615181097E-4, 1.500895505541486, -9.765371141186377E-4, 3.331218802664984E-5, 5.376916457387818E-5, 7.008419012345684, 0.13751297802081217, 4072.0336621484244, 972.1264286512719, 5767.7812107569935, 0.7059965545423297
5.0E-4, 0.17189819351998462, 1.1936620731892148E-4, -7.139080780672153, 1.6539194716564976, 1.6243687216493057, -0.0010665146716312926, 1.501077710205944, -0.0011940355932402447, 5.562692480254949E-5, 7.189399680640268E-5, 7.010232520576131, 0.1718912225260152, 4075.195535423697, 972.8812702930567, 5772.259806657963, 0.7059965545423299
6.0E-4, 0.20626041021845554, 1.4323944878270585E-4, -6.533756313149118, 1.7813282533122177, 1.8346754722288785, -0.0012303217601310058, 1.501246687437587, -0.001406727072591923, 8.571847338650702E-5, 9.068683907441007E-5, 7.011152736625509, 0.20626946703121826, 4076.8005688977573, 973.2644438098937, 5774.533236271371, 0.7059965545423299
7.0E-4, 0.24063865199445753, 1.6711269024649017E-4, -5.723876290791604, 1.9694909384855772, 2.056810624511978, -0.0013784785558899606, 1.5014023319856058, -0.0016154210498813184, 1.2434780594723952E-4, 1.125946880441183E-4, 7.0127780555555495, 0.24064771153642134, 4079.636466600854, 973.9414645162199, 5778.55010814539, 0.70599655454233
8.0E-4, 0.2749984405907345, 1.9098593171027449E-4, -5.084356798501905, 2.309301465724614, 2.289167396673032, -0.0015036167217288019, 1.5015405818552394, -0.0018206928681456847, 1.7209970535654384E-4, 1.4497644106033905E-4, 7.015526697530867, 0.2750259560416244, 4084.4353589703032, 975.0871156791655, 5785.347439291801, 0.70599655454233
9.0E-4, 0.3093706642900705, 2.148591731740588E-4, -4.339508219025623, 2.525673984235519, 2.5372243666746948, -0.0016212387109672992, 1.501669269000116, -0.0020229727110088343, 2.2940264132598976E-4, 1.7233135871554532E-4, 7.017283168724281, 0.30940420054682743, 4087.5039764975513, 975.8196941510455, 5789.693944253484, 0.7059965545423298
0.001, 0.34372731532716394, 2.38732414637843E-4, -3.205492959375365, 2.8392636604351824, 2.814682679197346, -0.0017108129768225525, 1.501776103313914, -0.0022225944863660013, 2.971587081833038E-4, 2.146228013601451E-4, 7.019934681069953, 0.3437824450520305, 4092.139173364242, 976.9262658913524, 5796.259410949981, 0.70599655454233
0.0011, 0.3780664818037514, 2.626056561016274E-4, -2.2945004426764073, 3.235443600821204, 3.1387809974448597, -0.0017742897258265565, 1.5018625855986296, -0.0024198249427019227, 3.7654827780188175E-4, 2.6898693907348437E-4, 7.023219084362135, 0.3781606895572336, 4097.88560487179, 978.2981253607002, 5804.398872071393, 0.7059965545423299
0.0012, 0.4124342212907046, 2.864788975654117E-4, -1.0174463554677464, 3.570191802790848, 3.5267759430635173, -0.0018203673030361002, 1.5019313665643212, -0.00261488210504646, 4.6910763083554354E-4, 3.254071711748165E-4, 7.026112510288062, 0.41253893406243664, 4102.952432688157, 979.5077413998558, 5811.575717034401, 0.7059965545423298
0.0013, 0.4467643747100702, 3.10352139029196E-4, 0.5599739430495669, 4.031299110968318, 3.9932903669075763, -0.0018228692108676141, 1.5019654029286496, -0.002807947521593494, 5.771389260618123E-4, 4.0793938466406727E-4, 7.029961059670794, 0.4469171785676397, 4109.698296407117, 981.1181977343008, 5821.130811426233, 0.7059965545423298
0.0014, 0.4811276682846808, 3.342253804929803E-4, 2.6599717158569076, 4.504869114331228, 4.544338893419367, -0.0017936305167244007, 1.5019720761107505, -0.002999174719602353, 7.030298459514826E-4, 5.025143569264696E-4, 7.03413741769547, 0.48129542307284273, 4117.027115100754, 982.8678243174758, 5831.511625109362, 0.70599655454233
0.0015, 0.5154300136982758, 3.580986219567647E-4, 5.593847785729873, 5.0970091686751, 5.176034916186797, -0.001695864916748637, 1.5019224870211203, -0.003188695233083918, 8.494911264755529E-4, 6.433391898597282E-4, 7.0392642489712, 0.5156736675780458, 4126.035763888252, 985.0184807951396, 5844.271813143623, 0.7059965545423298
0.0016, 0.5497460483304569, 3.8197186342054886E-4, 8.212751085530796, 5.790124242257537, 5.8725374966995245, -0.001526543958923632, 1.5018110463504797, -0.0033766230161081877, 0.0010189656222840738, 8.311134349004821E-4, 7.045335668724282, 0.5500519120832489, 4136.72118794152, 987.5694378808054, 5859.407048555919, 0.7059965545423298
0.0017, 0.5839890123441451, 4.0584510488433315E-4, 12.130159076027605, 6.48506608620291, 6.607228039177076, -0.0013037349372549702, 1.5016522929679579, -0.0035630577486152858, 0.0012130919989279559, 0.0010462308124323594, 7.051214022633743, 0.5844301565884519, 4147.084387314529, 990.0434694904972, 5874.085872845262, 0.7059965545423297
0.0018, 0.6182574281372887, 4.297183463481176E-4, 15.330276840457978, 7.363022990397934, 7.351240419968963, -9.473715256913884E-4, 1.5013811794783951, -0.003748087361811589, 0.0014337550127873193, 0.0013669608233328817, 7.059146954732506, 0.618808401093655, 4161.0971083689155, 993.3887602234574, 5893.934016528443, 0.7059965545423298
0.0019, 0.6525038458863996, 4.535915878119019E-4, 24.48227565076523, 8.09016600423298, 8.07662620518414, -5.71768135817143E-4, 1.5010811309519485, -0.003931790000723226, 0.0016802202117675723, 0.001679801653138511, 7.065311358024702, 0.6531866455988581, 4172.007670311033, 995.9934650209549, 5909.388145690857, 0.7059965545423299
0.002, 0.6866690131647968, 4.7746482927568624E-4, 13.29742181867216, 9.471337469758904, 8.786471191140823, 2.2157103069590225E-4, 1.500435183562153, -0.004114235572503025, 0.0019557303735119533, 0.002380076229686974, 7.078301841563777, 0.687564890104061, 4195.062325229212, 1001.497358458214, 5942.043623638796, 0.70599655454233
0.0021, 0.7210582320439884, 5.013380707394704E-4, 8.713007289279307, 9.10452146661423, 9.498160017546937, 6.313698802876567E-5, 1.500546033527479, -0.0042954869843524115, 0.002249705638034793, 0.0021089183343463843, 7.0719071913580205, 0.721943134609264, 4183.702936043198, 998.7855040490259, 5925.953758733754, 0.7059965545423297
0.0022, 0.7552618259501943, 5.252113122032547E-4, 33.94017234206658, 10.04163044698303, 10.35401225440944, 6.375864844812575E-4, 1.5000563689636712, -0.0044756011451519695, 0.002577643100775868, 0.002535544528857359, 7.0786981584362145, 0.756321379114467, 4195.767014195944, 1001.6655905568107, 5943.0417715223775, 0.7059965545423301
0.0023, 0.7892785035127183, 5.490845536670391E-4, 56.4966683783543, 11.631437031391895, 11.577710708604755, 0.001683660847317984, 1.4991642458963934, -0.004654629784629776, 0.0029435827989483174, 0.0033947078329994423, 7.0914607201646085, 0.79069962361967, 4218.502270681376, 1007.0932332349885, 5975.24484155035, 0.7059965545423297
0.0024, 0.823133273167169, 5.729577951308231E-4, -35.26251032713963, 13.779417858704587, 13.563397777213112, 0.0033351036966728564, 1.4977289161225262, -0.004832620129818146, 0.003361689620512637, 0.004806034205978365, 7.109235895061728, 0.8250778681248729, 4250.303642419186, 1014.6852514987515, 6020.289497268854, 0.7059965545423299
