This fits B3 to B9 into the virial expansion since maxPower is set to 7.
Number of particles: 108
dryVolFracMax: 0.003
dryVolFracIncrement: 1.0E-4
Initial configuration: FCC
Dry microgel radius [nm]: 50.0
Box length [units of dry radius]: 52.648203563095535
Number of monomers: 2916666.666666667
Number of chains: 87.50000000000001
Flory interaction parameter (chi): 0.0
Young's calibration factor: 1.0
x-link fraction: 3.0E-5
MC steps: 100000
Equilibration steps: 10000.0
Snapshot interval: 100
Displacement tolerance: 0.1
Particle radius change tolerance: 0.05
Particle radius bin width: 0.001
g(r) bin width: 0.005
phi0, phi, rho, mu/kT, Z_measured, Z_virial_Fit, <F_total>/V, QMelting, <F_id>/V, <F_ex>/V, <F_FR>/V, <alpha>, Zeta, B2_rho, B2_phi0, B2_HS, B2*
2.0E-4, 0.06876561228073994, 4.774648292756861E-5, 28.934061252195498, 1.1658045713654286, 1.133878112074352, 8.476005848038627E-4, 1.4991535210570248, -5.213638970822166E-4, 6.335942616025453E-6, 0.0013626285392700538, 7.006376604938269, 0.06875648901040608, 4068.474659075998, 971.2767792540881, 5762.740105315998, 0.7059965545423298
3.0E-4, 0.10314427092820667, 7.161972439135293E-5, 23.724420715895075, 1.3093569791026693, 1.2768191750812972, 0.0013814996616031768, 1.4986216917238278, -7.530065463303081E-4, 1.517307644793001E-5, 0.002119333131485555, 7.007447726337445, 0.10313473351560913, 4070.3408861284847, 971.7223081445908, 5765.3834993106, 0.7059965545423299
4.0E-4, 0.13751783382663924, 9.549296585513724E-5, 28.82915042254116, 1.423252791277959, 1.4724868223027703, 0.001980358233481802, 1.4980254904453172, -9.765371141186377E-4, 3.0324522490052837E-5, 0.0029265708251103866, 7.008353014403302, 0.13751297802081217, 4071.9186248004376, 972.0989655074135, 5767.618267542543, 0.7059965545423299
5.0E-4, 0.17190399988916033, 1.1936620731892148E-4, 35.051373450794955, 1.646974335006758, 1.686431405850351, 0.0027579902000693457, 1.4972529542649524, -0.0011940355932402447, 5.32693655899945E-5, 0.003898756427719596, 7.010087962962961, 0.1718912225260152, 4074.943437483859, 972.8210863431539, 5771.902725680419, 0.7059965545423299
6.0E-4, 0.20626221771750208, 1.4323944878270585E-4, 41.29797880667783, 1.8358682151252244, 1.8908357624198442, 0.0036539380375380146, 1.4963635802727138, -0.001406727072591923, 8.452583006145773E-5, 0.00497613928006848, 7.01159267489712, 0.20626946703121826, 4077.568054591237, 973.447667522698, 5775.620331794062, 0.7059965545423301
7.0E-4, 0.2406384045617622, 1.6711269024649017E-4, 49.96664965841333, 2.03143278625001, 2.0770880984420628, 0.004729823440105479, 1.4952955466672258, -0.0016154210498813184, 1.240120578230263E-4, 0.006221232432163771, 7.013335061728401, 0.24064771153642134, 4080.6086475985676, 974.1735556332691, 5779.927141774606, 0.7059965545423298
8.0E-4, 0.2750063807264372, 1.9098593171027449E-4, 60.872828709579196, 2.223675968885308, 2.2568983867913, 0.006039669822401249, 1.4939945770786611, -0.0018206928681456847, 1.7154205012892697E-4, 0.007688820640418007, 7.015242592592598, 0.2750259560416244, 4083.9391619004573, 974.968657354545, 5784.644607150975, 0.7059965545423298
9.0E-4, 0.3093685314250938, 2.148591731740588E-4, 80.11131747800756, 2.5542576788630242, 2.457232943936775, 0.0076362869168402105, 1.492412940778726, -0.0020229727110088343, 2.2737198994143644E-4, 0.009431887637907609, 7.0174926440329175, 0.30940420054682743, 4087.8700398427286, 975.90708533735, 5790.212450105703, 0.7059965545423299
0.001, 0.34371927810233954, 2.38732414637843E-4, 91.1339543544248, 2.88372506897704, 2.711462454379702, 0.009864703474669965, 1.4902025803010122, -0.0022225944863660013, 2.9254261438025177E-4, 0.011794755346655715, 7.020229825102881, 0.3437824450520305, 4092.655341089577, 977.0494918587797, 5796.9905302762945, 0.7059965545423298
0.0011, 0.3781072692143835, 2.626056561016274E-4, 106.52978002800938, 3.146493753577, 3.0494720111119977, 0.011987612712545571, 1.4880964554943816, -0.0024198249427019227, 3.6892446349860426E-4, 0.01403851319174889, 7.023077808641987, 0.3781606895572336, 4097.638316518319, 978.2390896149642, 5804.048603572377, 0.7059965545423298
0.0012, 0.41243001278982566, 2.864788975654117E-4, 186.23995462747413, 3.5087009183372206, 3.4893128475187822, 0.014951125798054955, 1.485155651363041, -0.00261488210504646, 4.5906074472879644E-4, 0.017106947158372618, 7.025462726337445, 0.41253893406243664, 4101.814198955153, 979.2360081123535, 5809.963480082703, 0.7059965545423299
0.0013, 0.4467659725595225, 3.10352139029196E-4, 242.2061115073187, 4.122653074237105, 4.033766594721547, 0.020879915526597417, 1.4792693471254252, -0.002807947521593494, 5.664525753446752E-4, 0.023121410472846233, 7.030569279835392, 0.4469171785676397, 4110.765080826203, 981.3728737545674, 5822.641844889814, 0.7059965545423298
0.0014, 0.48114096085590446, 3.342253804929803E-4, 225.78004844533612, 4.64694250370236, 4.6633783243349, 0.026515615766091925, 1.473670899873916, -0.002999174719602353, 6.935386642299174E-4, 0.02882125182146436, 7.034884938271602, 0.48129542307284273, 4118.33980890966, 983.1812068801561, 5833.370973856125, 0.7059965545423299
0.0015, 0.51541577179644, 3.580986219567647E-4, 338.6861486350702, 5.019330431693345, 5.344258823268554, 0.03166011875507827, 1.4685595912012945, -0.003188695233083918, 8.425986066732079E-4, 0.034006215381488986, 7.038388168724286, 0.5156736675780458, 4124.495423117568, 984.650751523589, 5842.090016701736, 0.7059965545423298
0.0016, 0.5497389707132113, 3.8197186342054886E-4, 460.0959251728182, 5.778852579792182, 6.036842585328685, 0.04268668817970027, 1.4575988891764926, -0.0033766230161081877, 0.0010161505995357235, 0.045047160596272735, 7.045682962962961, 0.5500519120832489, 4137.332967276092, 987.7154894385733, 5860.273595751701, 0.70599655454233
0.0017, 0.5839992019450687, 4.0584510488433315E-4, 602.5340038428784, 6.438229902952731, 6.69726498336027, 0.05362808099138612, 1.4467167110590116, -0.0035630577486152858, 0.001213212581835486, 0.05597792615816592, 7.050954969135798, 0.5844301565884519, 4146.627326766653, 989.9343543222672, 5873.438475142063, 0.70599655454233
0.0018, 0.6182250409091954, 4.297183463481176E-4, 827.7923094528715, 7.28434602952459, 7.304833730519022, 0.07145556770746382, 1.428974377368721, -0.003748087361811589, 0.0014344848992277458, 0.07376917017004767, 7.058718096707818, 0.618808401093655, 4160.338768237991, 993.207719852885, 5892.8598751235795, 0.7059965545423298
0.0019, 0.6524620093086987, 4.535915878119019E-4, 709.4462328954387, 8.259255616790513, 7.866316361171101, 0.09315225236225023, 1.4073732925162674, -0.003931790000723226, 0.001678784097238083, 0.09540525826573538, 7.06745730452675, 0.6531866455988581, 4175.810315808185, 996.9012797625018, 5914.774355400644, 0.7059965545423299
0.002, 0.6867731591996786, 4.7746482927568624E-4, 420.3004783905174, 8.774169594324103, 8.42969372780891, 0.10532913015443375, 1.3952502086712482, -0.004114235572503025, 0.001943278769126186, 0.10750008695781059, 7.0705995473251, 0.687564890104061, 4181.382579239769, 998.231559666522, 5922.667118326657, 0.7059965545423298
0.0021, 0.7210272406211558, 5.013380707394704E-4, 721.9280359813779, 9.144819627492595, 9.10718080410976, 0.113220121978172, 1.3873909499333859, -0.0042954869843524115, 0.0022304611230411844, 0.11528514783948322, 7.071641882716049, 0.721943134609264, 4183.232088134725, 998.673097390909, 5925.286832095875, 0.70599655454233
0.0022, 0.755210688696559, 5.252113122032547E-4, 1470.7903640752988, 10.14853537311893, 10.077536426536085, 0.13979865479935175, 1.3609104645334673, -0.0044756011451519695, 0.0025498251690182702, 0.14172443077548544, 7.080203744855975, 0.756321379114467, 4198.444808921282, 1002.304866957495, 5946.83470040866, 0.7059965545423298
0.0023, 0.7892881748766774, 5.490845536670391E-4, 2527.287805027421, 11.683981884026492, 11.561058160290713, 0.18344518898652568, 1.3174063191057073, -0.004654629784629776, 0.0029101478300421063, 0.18518967094111335, 7.091962191358027, 0.79069962361967, 4219.397265541784, 1007.3068975191021, 5976.512545839627, 0.7059965545423297
0.0024, 0.823143891865639, 5.729577951308231E-4, 4596.978293549367, 13.797678421832863, 13.816035099627925, 0.26046775883514584, 1.2405982540247043, -0.004832620129818146, 0.0033296532021352965, 0.2619707257628287, 7.109295082304529, 0.8250778681248729, 4250.409799755255, 1014.7105946959229, 6020.4398625013555, 0.7059965545423299
0.0025, 0.856647357030367, 5.968310365946075E-4, 9042.989959839475, 16.842578889312755, 17.093376355260943, 0.402934734597884, 1.0984664447665102, -0.005009615468588517, 0.003834794304982264, 0.40410955576149027, 7.135991759259269, 0.8594561126300759, 4298.472985939274, 1026.1848351888218, 6088.518362141027, 0.7059965545423298
0.0026, 0.8895130139439157, 6.207042780583919E-4, 18172.624672537364, 21.135697510878405, 21.57128528444082, 0.6922387245667957, 0.809715371661715, -0.005185655622889315, 0.0044602726202496445, 0.6929641075694354, 7.177688693415636, 0.8938343571352789, 4374.264473838492, 1044.278720103997, 6195.872268348614, 0.70599655454233
0.0027, 0.9208246522908035, 6.445775195221761E-4, 36118.75526694926, 26.90314984929144, 27.256319970701043, 1.2706136482743013, 0.23223682240359245, -0.005360777349080229, 0.005245409059396633, 1.2707290165639848, 7.239756028806585, 0.9282126016404819, 4488.724757953019, 1071.6041001107917, 6357.998107884371, 0.70599655454233
0.0028, 0.9484729871544414, 6.684507609859605E-4, 57555.967424222414, 34.224484157383976, 33.85074698057633, 2.416782256285217, -0.912476850664449, -0.005535014678884134, 0.006229758246623585, 2.4160875127174775, 7.328469115226331, 0.9625908461456849, 4655.764108214788, 1111.4818075383203, 6594.598908818953, 0.7059965545423298
0.0029, 0.9675624020291671, 6.923240024497446E-4, -50616.96921114534, 41.31869731779399, 40.53324946314933, 4.018708664274632, -2.5124137601462415, -0.005708399211575585, 0.007415672626719716, 4.0170013908594875, 7.420407705761315, 0.9969690906508879, 4833.19686871118, 1153.840758887482, 6845.921325840399, 0.7059965545423299
