This fits B3 to B8 into the virial expansion since maxPower is set to 6.
Number of particles: 108
dryVolFracMax: 0.003
dryVolFracIncrement: 1.0E-4
Initial configuration: FCC
Dry microgel radius [nm]: 50.0
Box length [units of dry radius]: 52.648203563095535
Number of monomers: 2916666.666666667
Number of chains: 87.50000000000001
Flory interaction parameter (chi): 0.0
Young's calibration factor: 1.0
x-link fraction: 3.0E-5
MC steps: 100000
Equilibration steps: 10000.0
Snapshot interval: 100
Displacement tolerance: 0.1
Particle radius change tolerance: 0.05
Particle radius bin width: 0.001
g(r) bin width: 0.005
phi0, phi, rho, mu/kT, Z_measured, Z_virial_Fit, <F_total>/V, QMelting, <F_id>/V, <F_ex>/V, <F_FR>/V, <alpha>, Zeta, B2_rho, B2_phi0, B2_HS, B2*
2.0E-4, 0.06876492565993311, 4.774648292756861E-5, 29.53931356694871, 1.1727044321293687, 1.222805839470491, 8.550185972495203E-4, 1.4991461770628058, -5.213638970822166E-4, 1.0394998742282111E-5, 0.0013659874955894548, 7.00644748971193, 0.06875648901040608, 4068.5981447973704, 971.3062592985247, 5762.915015123388, 0.7059965545423298
3.0E-4, 0.10314719897366904, 7.161972439135293E-5, 24.315719405430144, 1.3292086953991, 1.3200557674895161, 0.0014103983309164123, 1.4985930620106291, -7.530065463303081E-4, 2.3421738853001755E-5, 0.0021399831383937186, 7.007731522633737, 0.10313473351560913, 4070.835443275312, 971.8403749664293, 5766.084008602956, 0.7059965545423298
4.0E-4, 0.13753598952587637, 9.549296585513724E-5, 28.772228608325925, 1.4287810360368793, 1.4108991579675205, 0.0020160086787124392, 1.4979898765671449, -9.765371141186377E-4, 4.121890587487177E-5, 0.0029513268869562053, 7.008765627572016, 0.13751297802081217, 4072.6378634696243, 972.2706710916094, 5768.637024170404, 0.7059965545423299
5.0E-4, 0.17190130625916097, 1.1936620731892148E-4, 30.4316230467053, 1.6475824392932403, 1.5152275731690172, 0.0027841710529519473, 1.49722701219549, -0.0011940355932402447, 6.378158273900654E-5, 0.0039144250634531854, 7.010133539094651, 0.1718912225260152, 4075.022917812999, 972.8400608740457, 5772.01530459972, 0.7059965545423298
6.0E-4, 0.20627462884388748, 1.4323944878270585E-4, 37.88092134687917, 1.7205709449476527, 1.6556274701950289, 0.0034690116489701573, 1.4965457186912738, -0.001406727072591923, 9.16959424263039E-5, 0.004784042779135776, 7.010953477366251, 0.20626946703121826, 4076.452986750317, 973.1814646845502, 5774.040907880809, 0.7059965545423298
7.0E-4, 0.24066118573428416, 1.6711269024649017E-4, 52.32957976788187, 1.9501576606249393, 1.8520761215071748, 0.004592851817321283, 1.4954302330708042, -0.0016154210498813184, 1.2627778508455937E-4, 0.006081995082118042, 7.012744804526748, 0.24064771153642134, 4079.5784361889177, 973.9276107758559, 5778.467911693351, 0.7059965545423298
8.0E-4, 0.2750046608952291, 1.9098593171027449E-4, 55.902427298114695, 2.248403291979259, 2.117275658252206, 0.0059675650359641685, 1.4940674064808779, -0.0018206928681456847, 1.6935989632225695E-4, 0.007618898007787596, 7.015408220164605, 0.2750259560416244, 4084.228430114077, 975.0377150536605, 5785.054337498465, 0.7059965545423298
9.0E-4, 0.3093695398309849, 2.148591731740588E-4, 89.05419979745439, 2.4095520661362624, 2.4543187339138273, 0.007261996107920362, 1.492782422021388, -0.0020229727110088343, 2.2293800117822676E-4, 0.00906203081775097, 7.016755689300411, 0.30940420054682743, 4086.5822898024135, 975.5996576607757, 5788.388432648351, 0.7059965545423299
0.001, 0.3437317999450945, 2.38732414637843E-4, 111.91974902443168, 2.9349143621668032, 2.8593418147163137, 0.010219589866221608, 1.489849583030268, -0.0022225944863660013, 2.894859539707982E-4, 0.01215269839861681, 7.020163713991766, 0.3437824450520305, 4092.539717762107, 977.0218888226243, 5796.826757058526, 0.7059965545423299
0.0011, 0.37812374531151066, 2.626056561016274E-4, 110.51745616660727, 3.22743912228705, 3.318790385913987, 0.012605770493973153, 1.4874818741002662, -0.0024198249427019227, 3.70883510850677E-4, 0.014654711925824399, 7.023199907407404, 0.3781606895572336, 4097.852037037205, 978.2901116304956, 5804.351325331441, 0.7059965545423301
0.0012, 0.4123880991593348, 2.864788975654117E-4, 128.37005461857868, 3.5689539541923776, 3.8147766565241956, 0.015496409700278834, 1.4846147029438277, -0.00261488210504646, 4.6880039114304635E-4, 0.017642491414182247, 7.025840545267489, 0.41253893406243664, 4102.476002934459, 979.39400217435, 5810.900884061588, 0.7059965545423297
0.0013, 0.4467670351995092, 3.10352139029196E-4, 207.29908374944185, 3.887931547970848, 4.328190723726202, 0.01873498911523017, 1.4813993332438682, -0.002807947521593494, 5.84610114180119E-4, 0.020958326522643542, 7.029190267489713, 0.4469171785676397, 4108.34663486398, 980.7955123103347, 5819.216267319125, 0.7059965545423299
0.0014, 0.48112920317573693, 3.342253804929803E-4, 289.8323433069341, 4.54245828682514, 4.842303567621658, 0.025394211863422174, 1.4747857716051214, -0.002999174719602353, 7.193509389565783E-4, 0.027674035644067948, 7.034647962962961, 0.48129542307284273, 4117.923634950535, 983.0818526659849, 5832.781489450787, 0.70599655454233
0.0015, 0.5153899157150904, 3.580986219567647E-4, 321.70652336308245, 5.099706916571866, 5.343928458522356, 0.0325734641467919, 1.4676532031407936, -0.003188695233083918, 8.727908139907426E-4, 0.03488936856588508, 7.039114002057608, 0.5156736675780458, 4125.771569697499, 984.9554090780478, 5843.897598582583, 0.7059965545423299
0.0016, 0.5497610702113357, 3.8197186342054886E-4, 472.332784683056, 5.64388042379521, 5.83268677983067, 0.04075456688886504, 1.4595198383918033, -0.0033766230161081877, 0.001045289412182993, 0.043085900492790236, 7.044127242798356, 0.5500519120832489, 4134.5929442379465, 987.0613571225135, 5856.392524349134, 0.7059965545423299
0.0017, 0.5840079694633525, 4.0584510488433315E-4, 677.9673076728261, 6.527216369034612, 6.3225633581501945, 0.05512569338679237, 1.4452264522373477, -0.0035630577486152858, 0.0012375136662494464, 0.05745123746915821, 7.051389886831283, 0.5844301565884519, 4147.394692116979, 990.1175493052599, 5874.5254002062, 0.7059965545423299
0.0018, 0.6182551098975642, 4.297183463481176E-4, 825.101606087004, 7.453490455427959, 6.842438190983486, 0.07312512137011529, 1.4273129513036122, -0.003748087361811589, 0.0014497598804635195, 0.07542344885146336, 7.059266203703703, 0.618808401093655, 4161.307990052546, 993.4391045169936, 5894.232717254777, 0.7059965545423298
0.0019, 0.6524635059454783, 4.535915878119019E-4, 1013.1615102715567, 8.269191570395721, 7.441449388655833, 0.09452139313533495, 1.4060088786389846, -0.003931790000723226, 0.001683582824213011, 0.09676960031184517, 7.067565257201639, 0.6531866455988581, 4176.001670390041, 996.9469623038802, 5915.045397207611, 0.70599655454233
0.002, 0.6866942268048929, 4.7746482927568624E-4, 423.4354900942463, 9.292522414698533, 8.188718563003022, 0.1215000201231658, 1.3791383986238357, -0.004114235572503025, 0.0019418041126232546, 0.12367245158304557, 7.075602849794235, 0.687564890104061, 4190.265360284109, 1000.3521674339365, 5935.249022568524, 0.7059965545423299
0.0021, 0.7210189154368887, 5.013380707394704E-4, 436.08132401454685, 9.228001093523325, 9.164141371969222, 0.11473894853404652, 1.3858801832853165, -0.0042954869843524115, 0.002224615775862873, 0.11680981974253606, 7.072474228395064, 0.721943134609264, 4184.70938508459, 999.0257760588875, 5927.379330905341, 0.7059965545423298
0.0022, 0.7551619296635979, 5.252113122032547E-4, 1398.061851540006, 10.270298012734413, 10.494617836903245, 0.14232136961525788, 1.3583971790403675, -0.0044756011451519695, 0.0025492027703056027, 0.14424776799010425, 7.080561944444431, 0.756321379114467, 4199.082060620008, 1002.456999594264, 5947.737327616434, 0.7059965545423299
0.0023, 0.7892451047881596, 5.490845536670391E-4, 2409.5623824000586, 11.627207790422176, 12.294248335908634, 0.18149148486028638, 1.319355394925117, -0.004654629784629776, 0.0029232031175896057, 0.18322291152732653, 7.09133807613169, 0.79069962361967, 4218.283402437992, 1007.0409822907578, 5974.9348283612235, 0.70599655454233
0.0024, 0.8231276158379266, 5.729577951308231E-4, 4634.093048651611, 13.761132775249083, 14.69509374629331, 0.2573694987694338, 1.2436889924307306, -0.004832620129818146, 0.0033633241810640917, 0.2588387947181879, 7.108540164609054, 0.8250778681248729, 4249.055923391488, 1014.3873805224797, 6018.522181239235, 0.70599655454233
0.0025, 0.8566001852820531, 5.968310365946075E-4, 9064.826647467678, 16.831313681158147, 17.82727943514908, 0.40275312949249487, 1.0986480576062692, -0.005009615468588517, 0.003890466503055256, 0.40387227845802814, 7.135638004115229, 0.8594561126300759, 4297.833748282661, 1026.0322284395313, 6087.612921948012, 0.7059965545423298
0.0026, 0.8894833133430836, 6.207042780583919E-4, 18291.765745832767, 21.12317219295384, 21.808632446815352, 0.6901830895341183, 0.8117685369047547, -0.005185655622889315, 0.004530799016280888, 0.6908379461407268, 7.177434444444441, 0.8938343571352789, 4373.799653102158, 1044.1677523272383, 6195.213878823423, 0.7059965545423296
0.0027, 0.9208035475313385, 6.445775195221761E-4, 35896.39929154932, 26.9407926661009, 26.729569847188486, 1.2761206103909832, 0.22673774566826688, -0.005360777349080229, 0.005315769827963404, 1.2761656179121001, 7.239855082304528, 0.9282126016404819, 4488.909003100284, 1071.6480853996836, 6358.259079621527, 0.70599655454233
0.0028, 0.9484224754773597, 6.684507609859605E-4, 56818.89300577195, 34.190215615242174, 32.632162548867086, 2.404109905469264, -0.899817131726683, -0.005535014678884134, 0.006280184559974963, 2.403364735588173, 7.327787479423872, 0.9625908461456849, 4654.465102807423, 1111.1716928407923, 6592.7589488375515, 0.7059965545423298
0.0029, 0.9674328068709485, 6.923240024497446E-4, -50351.560116297944, 41.31760687740061, 39.45205524005871, 3.989022915254421, -2.482759322011986, -0.005708399211575585, 0.0074363879986207165, 3.987294926467376, 7.418904804526741, 0.9969690906508879, 4830.260771366333, 1153.1398172787347, 6841.762527435565, 0.70599655454233
