Number of particles: 32
Initial configuration: FCC
Dry microgel radius [nm]: 50.0
Box length [units of dry radius]: 20.267689261862138
Number of monomers: 2916666.666666667
Number of chains: 2916.666666666667
Flory interaction parameter (chi): 0.0
Young's calibration factor: 1.0
x-link fraction: 0.001
Reservoir swelling ratio: 3.505574917793274
Mean swelling ratio: 3.505
Dry volume fraction: 0.016099999999999965
Reservoir volume fraction: 0.693591296299635
Actual volume fraction: 0.6928574142873971
MC steps: 150000
Equilibration steps: 50000.0
Snapshot interval: 100
Displacement tolerance: 0.1
Particle radius change tolerance: 0.0
Particle radius bin width: 0.001
g(r) bin width: 0.005
Mean pair energy <E_pair>/N [kT]: 0.7060239280465961
The coupling constant increment - dlambda: 0.0
phi0,	mu/KT,		(PV/NkT)_total,		1+(PV/NkT)_virial,		 1+(PV/NkT)_pair/calculated,		(PV/NkT)_FR,      <F_total>/V,      EntropySolid,		Freference/V,           <F_FR>/V,     <alpha>,      zeta, 		newHertzianPotential, 		SpringConstant, 		lindemannParameter
0.0101, 13.66941869705744, 34.06868330985013, 8.775992416840374, 34.06868330985013, 0.0, -0.02354821237311502, 1.5242887848941105, -0.022840599005171998, 0.0, 3.505, 0.43511006786498935, 0.0, 0.005900565216072588, 1.9047504186133717
0.0102, -1.9882812476916032, 15.538663138419999, 8.641223379008434, 15.538663138419999, 0.0, -0.02285395041499686, 1.5235723812565432, -0.02273780379451, 0.0, 3.505, 0.4394180883389001, 0.0, 0.00647402159505936, 1.8244168691245446
0.0103, -10.681932070255076, 21.47875763308685, 8.787620930574342, 21.47875763308685, 0.0, -0.023643145809763132, 1.5243690427062353, -0.023675171571360492, 0.0, 3.505, 0.4437261088128108, 0.0, 0.005299639168752846, 2.0230208157260456
0.0104, -1.3766925912729189, -25.82655103469226, 9.76988938481615, -25.82655103469226, 0.0, -0.023363975102222743, 1.5242203304401325, -0.02427398547581794, 0.0, 3.505, 0.4480341292867216, 0.0, 0.004783466394914244, 2.1362439377031066
0.0105, -11.095825970173538, -29.63643096794002, 9.46283255083481, -29.63643096794002, 0.0, -0.023708878039068855, 1.524524891120773, -0.022525277022102514, 0.0, 3.505, 0.45234214976063236, 0.0, 0.008240962158412465, 1.632745768451014
0.0106, 7.6398275399549105, 53.629556433239415, 9.810501128868019, 53.629556433239415, 0.0, -0.023893761767474906, 1.5247646278723497, -0.02336619201454974, 0.0, 3.505, 0.45665017023454313, 0.0, 0.006948810824339347, 1.783710920829566
0.0107, 6.377450199913699, -5.397181315251089, 10.059716846502265, -5.397181315251089, 0.0, -0.02334410314386283, 1.5242479136698808, -0.024711170681267627, 0.0, 3.505, 0.4609581907084539, 0.0, 0.005131580901438698, 2.0821567905775638
0.0108, -14.715356507324513, -46.94740230887942, 9.015978586951732, -46.94740230887942, 0.0, -0.023589260950383308, 1.5243508656906217, -0.02282954743618307, 0.0, 3.505, 0.46526621118236466, 0.0, 0.009016674689682359, 1.5756598850853372
0.0109, -1.3893395630496976, 24.827780869931946, 10.007968245161361, 24.827780869931946, 0.0, -0.024046709662112885, 1.52494117172163, -0.02315813508790159, 0.0, 3.505, 0.46957423165627543, 0.0, 0.008739753336696597, 1.6053522410109902
0.011, 21.91318412539971, 55.862410625275295, 10.45056554941075, 55.862410625275295, 0.0, -0.023655597028111056, 1.5246149715790038, -0.024065018608718708, 0.0, 3.505, 0.47388225213018614, 0.0, 0.0072842041796364315, 1.763806478666015
0.0111, 17.633773278952162, 10.816248839417138, 11.129202529091053, 10.816248839417138, 0.0, -0.02300043219038082, 1.5240511672635055, -0.02478653528012038, 0.0, 3.505, 0.4781902726040969, 0.0, 0.006391403013339902, 1.8886608816153279
0.0112, -20.73439218934504, -49.08652996610487, 11.211978533201908, -49.08652996610487, 0.0, -0.02281364637329895, 1.5238718320788383, -0.023771687832111133, 0.0, 3.505, 0.4824982930780077, 0.0, 0.008788381785475953, 1.615459137104244
0.0113, -2.6608462697518562, 34.81190414870032, 12.13695753550885, 34.81190414870032, 0.0, -0.023990426493062895, 1.5251979719699038, -0.023449928300995317, 0.0, 3.505, 0.48680631355191845, 0.0, 0.010069021506814813, 1.5137132323788685
0.0114, 13.87496557015744, 31.557778935087942, 11.434301903359273, 31.557778935087942, 0.0, -0.022940692424290542, 1.524048161802174, -0.025551313530532187, 0.0, 3.505, 0.4911143340258292, 0.0, 0.006236324304947937, 1.9290716791211928
0.0115, -8.270509646596174, -36.30849269731821, 10.966978617849234, -36.30849269731821, 0.0, -0.02332794568634677, 1.5243505672619118, -0.024340020817720295, 0.0, 3.505, 0.49542235449974, 0.0, 0.008935298555644115, 1.6163019857873238
0.0116, -104.84215546127034, -199.92612869527312, 12.8751426876606, -199.92612869527312, 0.0, -0.023335580171934038, 1.5246414513441595, -0.02423019975811001, 0.0, 3.505, 0.49973037497365075, 0.0, 0.009676591690741903, 1.5576476186998096
0.0117, 2.6155821249439746, 3.0685535372742163, 11.52374602595276, 3.0685535372742163, 0.0, -0.02833378987216781, 1.5294451500899902, -0.01981551998864131, 0.0, 3.505, 0.5040383954475615, 0.0, 0.030224811560816436, 0.8838758070216889
0.0118, 118.23037281584767, 212.1368441730544, 12.661217147427722, 212.1368441730544, 0.0, -0.023210695324659747, 1.5244828166704953, -0.02410621609891506, 0.0, 3.505, 0.5083464159214722, 0.0, 0.011041761160501077, 1.4665130157032609
0.0119, 17.424754927874893, -12.583379195233489, 13.124865472604428, -12.583379195233489, 0.0, -0.022688705394995866, 1.524030733461802, -0.02431440203829411, 0.0, 3.505, 0.512654436395383, 0.0, 0.011029343673542963, 1.4714716962202778
0.012, 3.430931623408433, -23.58062552319285, 13.147589498623333, -23.58062552319285, 0.0, -0.0223787245609789, 1.5237141206776452, -0.022700755867978352, 0.0, 3.505, 0.5169624568692938, 0.0, 0.01706598068605128, 1.186239963357117
0.0121, -1829.8062702955494, -2150.7166523182323, 12.668087368771099, -2150.7166523182323, 0.0, -0.02252489047681314, 1.5237967176349445, -0.02303006237459686, 0.0, 3.505, 0.5212704773432045, 0.0, 0.016502704439068164, 1.2096562948984915
0.0122, -124.59266686707278, -193.2219331675664, 10.562822069104268, -193.2219331675664, 0.0, -0.10974553840640335, 1.6107845124105042, -0.007386763740176512, 0.0, 3.505, 0.5255784978171153, 0.0, 0.6954139839592842, 0.18685698091238329
0.0123, 1574.7277268274913, 1766.3941781524115, 12.410425719925287, 1766.3941781524115, 0.0, -0.028473752118282073, 1.5297443216307351, -0.01807524358340244, 0.0, 3.505, 0.5298865182910261, 0.0, 0.05760368263493977, 0.6510100201242679
0.0124, 34.064521832484516, 63.212253095262106, 11.364868267818148, 63.212253095262106, 0.0, -0.034557827881865615, 1.5356698362190968, -0.01636908124655793, 0.0, 3.505, 0.5341945387649368, 0.0, 0.08860632057934245, 0.526323349887552
0.0125, -876.6032648220419, -1098.510018195654, 13.081416418569152, -1098.510018195654, 0.0, -0.026847291008171563, 1.528192599113697, -0.019173578355303367, 0.0, 3.505, 0.5385025592388476, 0.0, 0.04783375103053521, 0.7182581216553857
0.0126, -2455.3631095106316, -2720.437572911254, 10.166078297284463, -2720.437572911254, 0.0, -0.07641255069994214, 1.5774040367565303, -0.005651034832646675, 0.0, 3.505, 0.5428105797127584, 0.0, 1.092603336172198, 0.15068499720582842
0.0127, -2103.1088140597267, -2064.0189345533613, 10.426258943991181, -2064.0189345533613, 0.0, -0.1440822437974027, 1.6451174158754867, -0.00539400634945087, 0.0, 3.505, 0.547118600186669, 0.0, 1.1698933507424032, 0.14600661456886785
0.0128, 1047.2078690299622, 1088.6500681280245, 10.582969243848392, 1088.6500681280245, 0.0, -0.17682859978526394, 1.6778811481325886, -0.0053333723656742655, 0.0, 3.505, 0.5514266206605798, 0.0, 1.1971741302726655, 0.14471129230783528
0.0129, 753.007323190471, 765.8428135904282, 10.341763598772335, 765.8428135904282, 0.0, -0.0940817511571481, 1.595110317453499, -0.004693112672736297, 0.0, 3.505, 0.5557346411344906, 0.0, 1.3940016625096918, 0.13445470929835754
0.013, 155.5802503605364, 187.83266474854932, 10.79021192551145, 187.83266474854932, 0.0, -0.14087514848421598, 1.6419746988032689, -0.0045603515248233886, 0.0, 3.505, 0.5600426616084013, 0.0, 1.4470366922972118, 0.13230789891657882
0.0131, 593.8078155664057, 609.7622278920057, 10.55420264919332, 609.7622278920057, 0.0, -0.0866533413894419, 1.5877204027164473, -0.004135901303234224, 0.0, 3.505, 0.5643506820823121, 0.0, 1.6007478356850324, 0.12611693202927773
0.0132, -84.00209042320006, -56.22259009995152, 11.079183830411578, -56.22259009995152, 0.0, -0.11252291375601778, 1.6136688089661781, -0.004062310354956099, 0.0, 3.505, 0.5686587025562229, 0.0, 1.6376671338829587, 0.12500371524322826
0.0133, 233.77651765961195, 250.03093387440333, 11.161210699276229, 250.03093387440333, 0.0, -0.0906641457657133, 1.591820471318372, -0.0038189322653809426, 0.0, 3.505, 0.5729667230301336, 0.0, 1.7376431917174808, 0.12166005429098428
0.0134, -218.77792543989963, -200.95105207092277, 11.375143663357687, -200.95105207092277, 0.0, -0.10136090724671667, 1.60255199384815, -0.003532458501097839, 0.0, 3.505, 0.5772747435040444, 0.0, 1.859247375418606, 0.1179082258721914
0.0135, -134.89830630578226, -115.59088820301818, 11.309872789535206, -115.59088820301818, 0.0, -0.10111002224765835, 1.6022901887448548, -0.00320997666966384, 0.0, 3.505, 0.5815827639779552, 0.0, 2.0027058977008654, 0.11388864561417758
0.0136, -384.74090806121376, -362.1895764551066, 11.650778237743413, -362.1895764551066, 0.0, -0.10780182692570363, 1.6090289722631022, -0.003003948764316981, 0.0, 3.505, 0.5858907844518659, 0.0, 2.102336348452237, 0.1114310690395081
0.0137, 420.078111095202, 445.9472718666887, 11.951226259886479, 445.9472718666887, 0.0, -0.11948004744594033, 1.6207496096174956, -0.002745578172109562, 0.0, 3.505, 0.5901988049257767, 0.0, 2.2297797387457305, 0.10846433729526689
0.0138, 112.97400293020964, 127.75641977037971, 12.254970933393519, 127.75641977037971, 0.0, -0.0877445745660513, 1.589060743630932, -0.0025349573713289745, 0.0, 3.505, 0.5945068253996875, 0.0, 2.3394785391474855, 0.10614786330107026
0.0139, -1028.851423631986, -1010.335125287186, 12.387030965188046, -1010.335125287186, 0.0, -0.11408593614377399, 1.615423819687994, -0.002216464597067628, 0.0, 3.505, 0.5988148458735982, 0.0, 2.5083668135052823, 0.10275915020486188
0.014, -457.02792675881267, -430.82077415685103, 12.465738646071069, -430.82077415685103, 0.0, -0.13686861149950058, 1.638227181275517, -0.001809412810005459, 0.0, 3.505, 0.603122866347509, 0.0, 2.736208383339489, 0.09862322223861172
0.0141, 310.922751264624, 340.7983032382646, 12.70927029139557, 340.7983032382646, 0.0, -0.13590741224618572, 1.6372971285824665, -0.0015383468372217356, 0.0, 3.505, 0.6074308868214197, 0.0, 2.8993285350937437, 0.09603629929891863
0.0142, 23.358616811144284, 46.45139069258955, 13.291597313862834, 46.45139069258955, 0.0, -0.12202314366445155, 1.6235090116671027, -0.0013299211520685092, 0.0, 3.505, 0.6117389072953304, 0.0, 3.0308785075844775, 0.09415056803538911
0.0143, -152.2921567226628, -123.85450882305173, 13.250291879889723, -123.85450882305173, 0.0, -0.1347921204474008, 1.6362601881977563, -9.410410286744375E-4, 0.0, 3.505, 0.6160469277692412, 0.0, 3.2837313365771466, 0.09066492311145871
0.0144, -548.551984434761, -523.5550109797414, 13.962562013377246, -523.5550109797414, 0.0, -0.12929455852541277, 1.630870410357365, -8.156757532141155E-4, 0.0, 3.505, 0.620354948243152, 0.0, 3.3711152040912222, 0.08969022786256774
0.0145, -591.8553662040948, -562.8101492843982, 14.046189550156807, -562.8101492843982, 0.0, -0.160983548407099, 1.662585571014505, -3.501296675937665E-4, 0.0, 3.505, 0.6246629687170627, 0.0, 3.7016242198022624, 0.08579018358332687
0.0146, 96.70020236690726, 129.01637190608307, 14.113412089632021, 129.01637190608307, 0.0, -0.15755357066346645, 1.6591460950353827, 1.315065492626696E-5, 0.0, 3.505, 0.6289709891909735, 0.0, 3.978187555957722, 0.08294421192086993
0.0147, 98.22074925422616, 128.7911611248347, 14.600202861451999, 128.7911611248347, 0.0, -0.15636645384569503, 1.6580297406507518, 2.6533513245783724E-4, 0.0, 3.505, 0.6332790096648843, 0.0, 4.1791763744743795, 0.0811094622370679
0.0148, -577.0929337320689, -548.3474358098636, 14.810766400503399, -548.3474358098636, 0.0, -0.15286387533606655, 1.6545502755893609, 6.845657544596076E-4, 0.0, 3.505, 0.637587030138795, 0.0, 4.532486672917503, 0.07806027274475436
0.0149, -698.4493648155883, -659.9007778580841, 15.3287369026601, -659.9007778580841, 0.0, -0.18392061175375374, 1.685702516077973, 9.678176403265567E-4, 0.0, 3.505, 0.6418950506127058, 0.0, 4.782818382117044, 0.076160754607017
0.015, -95.19158720169187, -58.86957233140314, 15.787508615676686, -58.86957233140314, 0.0, -0.18621237600900517, 1.6880641638572156, 0.0013257301898955546, 0.0, 3.505, 0.6462030710866166, 0.0, 5.11623767118417, 0.07380166468112197
0.0151, -311.1337810615254, -273.43616698787554, 16.042867668259298, -273.43616698787554, 0.0, -0.18846567524692748, 1.6903372727647028, 0.0017340772600794305, 0.0, 3.505, 0.6505110915605273, 0.0, 5.520912603171736, 0.07120294774538609
0.0152, -339.4096636414744, -298.0769997351056, 16.56173277709984, -298.0769997351056, 0.0, -0.20106791977464916, 1.7030284656720969, 0.002045003723078315, 0.0, 3.505, 0.6548191120344381, 0.0, 5.842677001142798, 0.0693670167744424
0.0153, -128.60925667429706, -89.80143324899521, 17.235144176810348, -89.80143324899521, 0.0, -0.20467129295743694, 1.7067460367546934, 0.00243312639559842, 0.0, 3.505, 0.6591271325083489, 0.0, 6.269131378206252, 0.0671126753737565
0.0154, -403.78155489652886, -365.4558026616401, 17.613411653503565, -365.4558026616401, 0.0, -0.20720855945277578, 1.7093214542650765, 0.002899313956250439, 0.0, 3.505, 0.6634351529822596, 0.0, 6.819478986019158, 0.06448752902722192
0.0155, -572.4837972325338, -528.4890815595445, 18.017253092837606, -528.4890815595445, 0.0, -0.22395044207477116, 1.7261254941463036, 0.0033318802014658056, 0.0, 3.505, 0.6677431734561703, 0.0, 7.3638948004718765, 0.06219200221223351
0.0156, 213.24663551694363, 259.53368994655943, 18.598768526076228, 259.53368994655943, 0.0, -0.2345426473036486, 1.73679879183608, 0.0037313961416118157, 0.0, 3.505, 0.6720511939300811, 0.0, 7.895572663750541, 0.06019043415244425
0.0157, -424.11718762592534, -384.75796827200656, 19.275474323032782, -384.75796827200656, 0.0, -0.21376866523269997, 1.716135741858043, 0.004176631576160114, 0.0, 3.505, 0.6763592144039919, 0.0, 8.52941514373281, 0.058034291235423724
0.0158, -976.456298338297, -925.9803709247178, 19.84612917139749, -925.9803709247178, 0.0, -0.25479275136191826, 1.7572167503569691, 0.004628505054443652, 0.0, 3.505, 0.6806672348779027, 0.0, 9.216286213078808, 0.055948117648700696
0.0159, -8.084977218137865, 43.66874229095671, 20.5767162847494, 43.66874229095671, 0.0, -0.2603910192108263, 1.7629307862162982, 0.005050396942013453, 0.0, 3.505, 0.6849752553518135, 0.0, 9.89483487804928, 0.05410937608921673
