0.0 1.0
0.005 1.0
0.01 1.0
0.015 1.0
0.02 1.0
0.025 1.0
0.03 1.0
0.035 1.0
0.04 1.0
0.045 1.0
0.05 1.0
0.055 1.0
0.06 1.0
0.065 1.0
0.07 1.0
0.075 1.0
0.08 1.0
0.085 1.0
0.09 1.0
0.095 1.0
0.1 1.0
0.105 1.0
0.11 1.0
0.115 1.0
0.12 1.0
0.125 1.0
0.13 1.0
0.135 1.0
0.14 1.0
0.145 1.0
0.15 1.0
0.155 1.0
0.16 1.0
0.165 1.0
0.17 1.0
0.17500000000000002 1.0
0.18 1.0
0.185 1.0
0.19 1.0
0.195 1.0
0.2 1.0
0.20500000000000002 1.0
0.21 1.0
0.215 1.0
0.22 1.0
0.225 1.0
0.23 1.0
0.23500000000000001 1.0
0.24 1.0
0.245 1.0
0.25 1.0
0.255 1.0
0.26 1.0
0.265 1.0
0.27 1.0
0.275 1.0
0.28 1.0
0.28500000000000003 1.0
0.29 1.0
0.295 1.0
0.3 1.0
0.305 1.0
0.31 1.0
0.315 1.0
0.32 1.0
0.325 1.0
0.33 1.0
0.335 1.0
0.34 1.0
0.34500000000000003 1.0
0.35000000000000003 1.0
0.355 1.0
0.36 1.0
0.365 1.0
0.37 1.0
0.375 1.0
0.38 1.0
0.385 1.0
0.39 1.0
0.395 1.0
0.4 1.0
0.405 1.0
0.41000000000000003 1.0
0.41500000000000004 1.0
0.42 1.0
0.425 1.0
0.43 1.0
0.435 1.0
0.44 1.0
0.445 1.0
0.45 1.0
0.455 1.0
0.46 1.0
0.465 1.0
0.47000000000000003 1.0
0.47500000000000003 1.0
0.48 1.0
0.485 1.0
0.49 1.0
0.495 1.0
0.5 1.2425161259729955
0.505 1.3324134711231652
0.51 1.4245848455760481
0.515 1.517324757909929
0.52 1.6084913704899328
0.525 1.6956129809903517
0.53 1.7760434743397933
0.535 1.8471536297690214
0.54 1.906540136507338
0.545 1.9522310680962507
0.55 1.9828658375703712
0.555 1.9978294705390254
0.56 1.9973252478836754
0.5650000000000001 1.9823759443272029
0.5700000000000001 1.9547513360370847
0.5750000000000001 1.9168275168601614
0.58 1.8713909346940687
0.585 1.821406074053748
0.59 1.7697696631316369
0.595 1.719075713258022
0.6 1.6714144460648317
0.605 1.6282243879779414
0.61 1.5902110689683062
0.615 1.5573385469199863
0.62 1.5288922351833116
0.625 1.503604129015868
0.63 1.4798253336560134
0.635 1.4557264580672507
0.64 1.4295043816664048
0.645 1.3995742722723579
0.65 1.364728387641041
0.655 1.3242477238785855
0.66 1.2779583731332527
0.665 1.2262307918873243
0.67 1.1699263058181797
0.675 1.1103004007495711
0.68 1.0488761323490539
0.685 0.9873029958863961
0.6900000000000001 0.9272167317326794
0.6950000000000001 0.8701139346248913
0.7000000000000001 0.8172523180949964
0.705 0.7695835387327001
0.71 0.7277211626884384
0.715 0.6919422139812224
0.72 0.662217265705417
0.725 0.6382615795195511
0.73 0.6195985615311121
0.735 0.6056268045304944
0.74 0.59568308479907
0.745 0.5890956028098236
0.75 0.5852241440543915
0.755 0.5834863036963429
0.76 0.5833711081506182
0.765 0.584442993148229
0.77 0.5863399838492831
0.775 0.5887700142752207
0.78 0.591508688599165
0.785 0.5944005965517491
0.79 0.5973647914514157
0.795 0.6004034958700574
0.8 0.6036117805967881
0.805 0.6071850839832093
0.81 0.6114211416740988
0.8150000000000001 0.6167132296114418
0.8200000000000001 0.6235325395312846
0.8250000000000001 0.632398874930706
0.8300000000000001 0.6438404825823102
0.835 0.6583454917771374
0.84 0.6763088899421736
0.845 0.6979800167456314
0.85 0.7234160606425802
0.855 0.752446914306835
0.86 0.7846559892040412
0.865 0.8193802809661276
0.87 0.8557312564224564
0.875 0.8926361854331128
0.88 0.9288975735461737
0.885 0.963266570499462
0.89 0.9945248159079032
0.895 1.0215682757414055
0.9 1.0434863050533434
0.905 1.0596294667855266
0.91 1.069660506476305
0.915 1.073584238478236
0.92 1.0717538094813872
0.925 1.0648527113316606
0.93 1.0538538477030215
0.935 1.039958752835601
0.9400000000000001 1.0245215682991067
0.9450000000000001 1.00896348827567
0.9500000000000001 0.9946840057130906
0.9550000000000001 0.9829753938879892
0.96 0.9749464470314605
0.965 0.9714606276602209
0.97 0.9730925112633894
0.975 0.9801048936920975
0.98 0.9924472646334151
0.985 1.0097746917155148
0.99 1.0314846406498597
0.995 1.0567679995440804
1.0 1.0846696778024203
1.0050000000000001 1.1141536768331406
1.01 1.144167507751247
1.0150000000000001 1.1737012463870953
1.02 1.2018373148061994
1.025 1.2277881734650038
1.03 1.2509203853638495
1.035 1.2707648445775261
1.04 1.2870142158209736
1.045 1.2995096899558831
1.05 1.308219926757525
1.055 1.313215468331364
1.06 1.3146419413779302
1.065 1.312695042614368
1.07 1.3075996763810487
1.075 1.2995947756450892
1.08 1.2889243968813804
1.085 1.275834752869057
1.09 1.2605760461280446
1.095 1.2434073809600237
1.1 1.2246027253180212
1.105 1.2044558897827784
1.11 1.1832827757371476
1.115 1.1614196683000397
1.12 1.13921703273854
1.125 1.11702901879605
1.1300000000000001 1.0951995831619463
1.135 1.0740467115623165
1.1400000000000001 1.0538465839003592
1.145 1.0348196327868864
1.1500000000000001 1.0171202862361095
1.155 1.0008317828669715
1.16 0.9859668575250077
1.165 0.9724743952516829
1.17 0.9602514333783013
1.175 0.9491592475757576
1.18 0.9390417694277126
1.185 0.9297443109266936
1.19 0.9211305473318628
1.195 0.9130959344334102
1.2 0.9055761787183372
1.205 0.8985499820051618
1.21 0.8920359698753444
1.215 0.8860844009448611
1.22 0.8807648588487548
1.225 0.8761515799386899
1.23 0.8723083166144561
1.235 0.8692746542443825
1.24 0.8670554920629763
1.245 0.8656149951782861
1.25 0.8648757779021006
1.2550000000000001 0.8647234551860157
1.26 0.8650160727940424
1.2650000000000001 0.8655973694863497
1.27 0.8663123969625277
1.2750000000000001 0.8670237695776869
1.28 0.8676267585266263
1.285 0.8680615840113282
1.29 0.8683215718359534
1.295 0.8684562877056221
1.3 0.8685692902830432
1.305 0.8688106936137246
1.31 0.8693652423169416
1.315 0.8704370273454537
1.32 0.872232266626102
1.325 0.8749417195493262
1.33 0.8787242902475743
1.335 0.8836932117738264
1.34 0.889905916112054
1.345 0.8973583188950818
1.35 0.9059838248375296
1.355 0.9156569340849513
1.36 0.9262009420161725
