Number of particles: 32
springConstant: 199.5437395464709
Initial configuration: FCC
Dry microgel radius [nm]: 50.0
Box length [units of dry radius]: 35.09880237539702
Number of monomers: 2916666.666666667
Number of chains: 87.50000000000001
Flory interaction parameter (chi): 0.0
Young's calibration factor: 1.0
x-link fraction: 3.0E-5
Reservoir swelling ratio: 7.0053187131881725
Mean swelling ratio: 6.198701562499999
Dry volume fraction: 0.0030999999999999986
Reservoir volume fraction: 1.0657255796612939
Actual volume fraction: 0.7385535118012746
MC steps: 20000
Equilibration steps: 10000.0
Snapshot interval: 100
Displacement tolerance: 0.1
Particle radius change tolerance: 0.05
Particle radius bin width: 0.001
g(r) bin width: 0.005
Mean pair energy <E_pair>/N [kT]: 1.7765921160213391E-6
The coupling constant increment - dlambda: 0.1
phi0,	mu/KT,		(PV/NkT)_total,		1+(PV/NkT)_virial,		1+(PV/NkT)_pair/calculated,		(PV/NkT)_FR,      <F_total>/V,      EntropySolid,		F0/V,       F1/V,     F2/V,     <F_FR>/V,     <alpha>,      zeta, 		deltaF1MinusUlattice, 		newHertzianPotential, 		lindemannParameter, 		springConstant
0.0011, -398.28640752554554, -346.2564852178038, 1.0000081320300953, -346.3081627357094, 0.05167751790562716, -0.013663351884541253, 1.5136633518857643, -0.001596567024862572, 1.22307205759334E-12, -0.012200310127392634, 1.3352526649087904E-4, 7.002735937500003, 0.3781606895572335, 4.6574475041771995E-9, 0.0, 0.07637473201347933, 0.03004303962051077
0.0012, -465.21031687802093, -381.38104870224277, 1.0000035296416763, -381.3438158902918, -0.03723281195096161, -0.02401531633071224, 1.524015316331195, -0.0015525306073252015, 4.825814947699033E-13, -0.022607418746521116, 1.4463302265149615E-4, 7.0026637500000035, 0.4125389340624365, 1.6845271985861216E-9, 0.0, 0.051474688901389565, 0.03004303962051077
0.0013, -527.1186229878283, -411.5224861308127, 1.0000048351482151, -411.6101561696706, 0.08767003885790624, -0.03587550833708646, 1.535875508337723, -0.0014708112848589338, 6.36391500399569E-13, -0.034560550087309884, 1.5585303444596644E-4, 7.002649687500007, 0.44691717856763963, 2.0505465256023296E-9, 0.0, 0.034058820830875115, 0.03004303962051077
0.0014, -591.1955798960281, -444.0392610328139, 1.0000043056449608, -443.9666252959729, -0.07263573684096718, -0.04918337666400406, 1.549183376664824, -0.001316974044047966, 8.198061642761401E-13, -0.04803919896935575, 1.7279634857984852E-4, 7.002160937500009, 0.4812954230728427, 2.452854307673855E-9, 0.0, 0.020684440379516077, 0.03004303962051077
0.0015, -656.7969557201053, -477.7875597912213, 1.0000035695997345, -477.69211184670064, -0.09544794452071217, -0.06410301799944619, 1.564103017999928, -0.0011807096837326502, 4.818153710570278E-13, -0.06309937844232658, 1.770701261312219E-4, 7.001897812500001, 0.5156736675780457, 1.3454823378661324E-9, 0.0, 0.01393242745389875, 0.03004303962051077
0.0016, -718.8066160888582, -507.9452176185331, 1.0000060249885059, -507.9050689125169, -0.04014870601618772, -0.0805431212971731, 1.58054312129828, -0.0010194415835060977, 1.10690560507016E-12, -0.07971552810985105, 1.918483950771484E-4, 7.001133437500003, 0.5500519120832488, 2.89787209758815E-9, 0.0, 0.009452447278382842, 0.03004303962051077
0.0017, -778.2934831668242, -535.7785319250021, 1.0000096606883935, -535.7641840433771, -0.014347881624997437, -0.09842350582275622, 1.5984235058246319, -7.711089508584534E-4, 1.875707892173956E-12, -0.09785153108978298, 1.9913421600949957E-4, 7.000483750000006, 0.5844301565884519, 4.621733438693408E-9, 0.0, 0.0058058701749305166, 0.03004303962051077
0.0018, -837.8676177947018, -563.958209913654, 1.0000092231564786, -564.2427765914849, 0.2845666778310269, -0.11770389780383578, 1.6177038978058988, -4.1264919402337003E-4, 2.0629878795328377E-12, -0.11750583950089215, 2.145908890167407E-4, 6.999078437500006, 0.6188084010936549, 4.80079079021122E-9, 0.0, 0.0031629609457567405, 0.03004303962051077
0.0019, -894.8005331988784, -589.6168802146477, 1.000016515564994, -590.3622020592791, 0.7453218446313992, -0.13842873773135353, 1.6384287377352014, 4.141141381847684E-5, 3.847824324349457E-12, -0.1387067138551671, 2.365647061472848E-4, 6.9968375000000025, 0.653186645598858, 8.48301517872306E-9, 0.0, 0.0015920964146314105, 0.03004303962051077
0.002, -949.9744529795757, -613.9759325667455, 1.0000290055339007, -617.491136058883, 3.515203492137372, -0.1604274761857953, 1.6604274761935698, 7.757236396777856E-4, 7.774555145055078E-12, -0.1614782787670101, 2.750789337624814E-4, 6.992408750000001, 0.687564890104061, 1.6282990219089166E-8, 0.0, 5.74143672864272E-4, 0.03004303962051077
0.0021, -980.1202226788108, -613.5279220759763, 1.0000580931728011, -655.3201353221716, 41.79221324619528, -0.18378667673216917, 1.683786676747152, 0.0019567827361472805, 1.4982805362858376E-11, -0.18617537068634704, 4.3191120304779954E-4, 6.978092500000003, 0.721943134609264, 2.9885632544839116E-8, 0.0, 1.2377819543653401E-4, 0.03004303962051077
0.0022, -888.629718305032, -494.074679504385, 1.0001626459365605, -693.0149511543807, 198.94027164999568, -0.2072247696648939, 1.7072247697056948, 0.003526664171299989, 4.080085339311816E-11, -0.21306307840731226, 0.0023116445303175185, 6.925216875, 0.756321379114467, -0.004352151327068686, 0.0, 1.8460216657979866E-5, 0.03004303962051077
0.0023, -665.6542023850977, -253.66734372120266, 1.0003404638417284, -738.4886441809792, 484.8213004597766, -0.22621562040615048, 1.726215620495357, 0.004821478843926482, 8.920644054331863E-11, -0.24117785832902974, 0.010140758989746314, 6.8396678125, 0.79069962361967, -0.07229437730889404, 0.0, 4.592000689832147E-6, 0.03004303962051077
0.0024, -399.51840246514274, 17.628233300875195, 1.0005175330283842, -779.617119828536, 797.2453531294112, -0.23900741667473827, 1.7390074168312375, 0.005185847332772688, 1.5649907780630514E-10, -0.27053522576919503, 0.026341961605185007, 6.746244062500001, 0.8250778681248729, -0.24786839874082292, 0.0, 3.926502998584595E-6, 0.03004303962051077
0.0025, -136.57497935046203, 274.4144028175332, 1.0007169935314313, -849.8995044861234, 1124.3139073036566, -0.2452912189887019, 1.745291219236961, 0.0057437702776289, 2.482587629268145E-10, -0.3014365736137115, 0.050401584099121904, 6.6574784375, 0.8594561126300759, -0.5426302835553802, 0.0, 2.7228484207268943E-6, 0.03004303962051077
0.0026, 157.94956551193303, 553.5137661690626, 1.0010959007957918, -900.5203738130172, 1454.0341399820798, -0.24552839159462814, 1.745528392009394, 0.0051711544639103605, 4.1476557366320803E-10, -0.3347556695867208, 0.08405612311341674, 6.569087812500002, 0.8938343571352789, -0.9575808520966781, 0.0, 6.809028243506516E-6, 0.03004303962051077
0.0027, 445.5607312180405, 814.4064876319675, 1.0014937440877134, -897.9688876446215, 1712.375375276589, -0.2377496827555695, 1.7377496834379536, 0.005020015977535068, 6.823835460210289E-10, -0.36906215537947523, 0.12629245596398714, 6.485490000000001, 0.9282126016404819, -1.4888110923228641, 0.0, 1.0154568552979744E-5, 0.03004303962051077
0.0028, 704.922132416086, 1040.4059807964175, 1.0018111809168788, -904.076213221616, 1944.4821940180334, -0.22425443374833098, 1.7242544345661908, 0.005343259353091526, 8.17859113363983E-10, -0.40476871539200404, 0.1751710214727224, 6.409055625000001, 0.9625908461456849, -2.129993038271857, 0.0, 9.039309521231634E-6, 0.03004303962051077
0.0029, 1028.2715717851645, 1323.0643703487456, 1.0021391658824408, -1184.5675639030603, 2507.631934251806, -0.2040921301948996, 1.7040921313399797, 0.00635992586912673, 1.1450788583126533E-9, -0.4420989148722157, 0.23164685766311047, 6.336892500000002, 0.9969690906508879, -2.8736751272849603, 0.0, 4.074909260738698E-6, 0.03004303962051077
