Number of particles: 32
Initial configuration: FCC
Dry microgel radius [nm]: 50.0
Box length [units of dry radius]: 20.267689261862134
Number of monomers: 2916666.666666667
Flory interaction parameter (chi): 0.0
Young's calibration factor: 1.0
x-link fraction: 0.001
Reservoir swelling ratio: 3.5055745959281923
Mean swelling ratio: 3.505
Dry volume fraction: 0.016099999999999975
Reservoir volume fraction: 0.6935911052529706
MC steps: 20000
Equilibration steps: 10000.0
Snapshot interval: 100
Displacement tolerance: 0.1
Particle radius change tolerance: 0.0
Particle radius bin width: 0.001
g(r) bin width: 0.005
phi0,	mu/KT,		(PV/NkT)_total,		1+(PV/NkT)_virial,		 1+(PV/NkT)_pair/calculated,		(PV/NkT)_FR,      <F_total>/V,      EntropySolid,		Freference/V,           <F_FR>/V,     <alpha>,      zeta, 		newHertzianPotential, 		SpringConstant, 		lindemannParameter
0.0121, -1399.0075801748849, -1370.7104471943544, 9.175540257654482, -1370.7104471943544, 0.0, -0.06591787242409407, 1.565917872424094, -0.0071390531209717225, 0.0, 3.505, 0.5212703337615502, 0.0, 0.7272517117160662, 0.18222047505912917
0.0122, -902.7117352564563, -886.5931217344752, 10.019538081377569, -886.5931217344752, 0.0, -0.08814331703643023, 1.5881433170364303, -0.007413268671013133, 0.0, 3.505, 0.5255783530488356, 0.0, 0.6910725149104344, 0.18744300023812305
0.0123, -924.3578315063203, -895.4316410688111, 9.5276185559775, -895.4316410688111, 0.0, -0.10901918288003229, 1.6090191828800322, -0.006585216810488558, 0.0, 3.505, 0.5298863723361211, 0.0, 0.850964816651863, 0.1693779980328687
0.0124, -944.7033990359148, -905.4854580864252, 9.510440127454196, -905.4854580864252, 0.0, -0.1322781524574111, 1.632278152457411, -0.007128799584677034, 0.0, 3.505, 0.5341943916234067, 0.0, 0.759208771556472, 0.17980608304545853
0.0125, -937.4629147366057, -921.7947160900139, 10.002639938617147, -921.7947160900139, 0.0, -0.15412544759371663, 1.6541254475937166, -0.006439197608927537, 0.0, 3.505, 0.5385024109106922, 0.0, 0.9017975262358577, 0.16542199151834022
0.0126, -1028.0595903265184, -999.8066502313925, 9.774739200233986, -999.8066502313925, 0.0, -0.17703870951111114, 1.6770387095111112, -0.005513920964105669, 0.0, 3.505, 0.5428104301979777, 0.0, 1.1274201021090862, 0.1483400388682247
0.0127, -1130.6286998800038, -1073.2012957647617, 10.308678402650836, -1073.2012957647617, 0.0, -0.20321167727176492, 1.703211677271765, -0.005065560439610766, 0.0, 3.505, 0.5471184494852632, 0.0, 1.2604417684579066, 0.14066442468313098
0.0128, -1125.5895506266988, -1056.4133929710092, 9.268061552253513, -1056.4133929710092, 0.0, -0.23102225342735083, 1.731022253427351, -0.005135466245573329, 0.0, 3.505, 0.5514264687725488, 0.0, 1.2517381350217542, 0.14152212530248637
0.0129, -1108.3035113280152, -1036.7194204700982, 10.460275877505396, -1036.7194204700982, 0.0, -0.2569546195342122, 1.7569546195342123, -0.0048389976203976805, 0.0, 3.505, 0.5557344880598343, 0.0, 1.3492911021906584, 0.1366642227357712
0.013, -1125.6532109346062, -1043.9448115449866, 10.5088834903286, -1043.9448115449866, 0.0, -0.28393984810953826, 1.7839398481095383, -0.004644585485609264, 0.0, 3.505, 0.5600425073471198, 0.0, 1.420259841842464, 0.13354930764342265
0.0131, -1116.206261561589, -1026.030744941696, 10.403074529043032, -1026.030744941696, 0.0, -0.3107006013524642, 1.8107006013524642, -0.004443436122678833, 0.0, 3.505, 0.5643505266344052, 0.0, 1.4960061288307682, 0.13045723593476577
0.0132, -1125.0829242614725, -1038.0316773616655, 10.812384585125727, -1038.0316773616655, 0.0, -0.33723477132083385, 1.837234771320834, -0.004274467338480507, 0.0, 3.505, 0.5686585459216907, 0.0, 1.5635236612252188, 0.12793327232924614
0.0133, -1177.8848737483806, -1086.6578097315937, 10.158477035130279, -1086.6578097315937, 0.0, -0.36441935398781355, 1.8644193539878136, -0.003554973905962338, 0.0, 3.505, 0.5729665652089763, 0.0, 1.8399517966618695, 0.11822929087557116
0.0134, -1236.1785523076444, -1125.0546712706036, 10.050580037877113, -1125.0546712706036, 0.0, -0.3934746313359022, 1.893474631335902, -0.0032037067617842058, 0.0, 3.505, 0.5772745844962618, 0.0, 1.9954964186766668, 0.11381178032148145
0.0135, -1258.204426603156, -1136.731000876818, 10.491931591612131, -1136.731000876818, 0.0, -0.423442532130997, 1.923442532130997, -0.003035809221994522, 0.0, 3.505, 0.5815826037835473, 0.0, 2.0785875234600124, 0.11179048969629869
0.0136, -1263.616718887877, -1139.0699026324044, 11.095042586308232, -1139.0699026324044, 0.0, -0.45354946751010106, 1.953549467510101, -0.002775387862580053, 0.0, 3.505, 0.5858906230708328, 0.0, 2.206691291472599, 0.10876435934225234
0.0137, -1296.2470086964734, -1156.5360950401482, 11.240869945427129, -1156.5360950401482, 0.0, -0.48377578622636724, 1.9837757862263672, -0.0023534510749677155, 0.0, 3.505, 0.5901986423581184, 0.0, 2.4215553070513183, 0.10408083152868029
0.0138, -1294.97967042777, -1145.835911023311, 11.923968938703101, -1145.835911023311, 0.0, -0.5154407031807391, 2.0154407031807393, -0.0024180293293850704, 0.0, 3.505, 0.5945066616454039, 0.0, 2.3973226025200796, 0.10485944367573245
0.0139, -1284.4858754293468, -1137.815719889424, 11.410423088843409, -1137.815719889424, 0.0, -0.5456065109519952, 2.045606510951995, -0.002039429821889051, 0.0, 3.505, 0.5988146809326894, 0.0, 2.602169906184287, 0.10089001863199731
0.014, -1323.7533654678343, -1165.6620482256976, 11.777517708154436, -1165.6620482256976, 0.0, -0.5767703861026294, 2.0767703861026297, -0.0015999043258471037, 0.0, 3.505, 0.6031227002199748, 0.0, 2.8568256094815965, 0.09651879853976747
0.0141, -1354.2326843987262, -1176.4420783947346, 11.84779868467075, -1176.4420783947346, 0.0, -0.6088110784166166, 2.1088110784166165, -0.001371013033347856, 0.0, 3.505, 0.6074307195072604, 0.0, 3.000229976636903, 0.09440757850212976
0.0142, -1340.2141162670086, -1157.7194140190843, 12.60963702875855, -1157.7194140190843, 0.0, -0.6414302338482286, 2.1414302338482285, -0.0014726093199105357, 0.0, 3.505, 0.6117387387945459, 0.0, 2.9443460331388036, 0.09552406250852487
0.0143, -1330.2160191898834, -1148.8915392011477, 13.083798221819325, -1148.8915392011477, 0.0, -0.6728015888382458, 2.172801588838246, -0.0010710055491871793, 0.0, 3.505, 0.6160467580818314, 0.0, 3.1988200272010165, 0.0918603726970491
0.0144, -1356.6924127951331, -1173.31443140535, 13.153377603002562, -1173.31443140535, 0.0, -0.7049433702984567, 2.204943370298457, -7.353821753288401E-4, 0.0, 3.505, 0.6203547773691169, 0.0, 3.4257378189260894, 0.08897230940081757
0.0145, -1396.0736023367278, -1196.7248748460006, 12.843156207091933, -1196.7248748460006, 0.0, -0.7375788799637305, 2.2375788799637304, -4.5992705196308835E-5, 0.0, 3.505, 0.6246627966564025, 0.0, 3.932338567074297, 0.08323544579182211
0.0146, -1406.9314456506393, -1199.416778259316, 13.61941455816239, -1199.416778259316, 0.0, -0.7716009747180564, 2.2716009747180563, -8.071537863481379E-5, 0.0, 3.505, 0.628970815943688, 0.0, 3.905139549707738, 0.08371637861080941
0.0147, -1424.271734744845, -1209.8410498104613, 13.328035030301255, -1209.8410498104613, 0.0, -0.8047549082137482, 2.304754908213748, 6.146824468662005E-4, 0.0, 3.505, 0.6332788352309735, 0.0, 4.475507395989849, 0.07837828068036588
0.0148, -1438.589247053241, -1211.8711432792998, 14.258072344291953, -1211.8711432792998, 0.0, -0.8396049407852697, 2.3396049407852697, 6.383829807417927E-4, 0.0, 3.505, 0.637586854518259, 0.0, 4.491899511351661, 0.07841214173355418
0.0149, -1444.1983993494669, -1219.6542865977747, 14.39357693829876, -1219.6542865977747, 0.0, -0.8734424851379595, 2.3734424851379594, 0.0011443298860045541, 0.0, 3.505, 0.6418948738055444, 0.0, 4.948966143666604, 0.07487139792123942
0.015, -1481.004970256134, -1238.211673528546, 14.087060031482306, -1238.211673528546, 0.0, -0.9085603350038309, 2.408560335003831, 0.0016566116706492136, 0.0, 3.505, 0.64620289309283, 0.0, 5.452128699899463, 0.07149216746622943
0.0151, -1480.543209619927, -1229.007418331316, 15.439355368982554, -1229.007418331316, 0.0, -0.9441552636659383, 2.4441552636659383, 0.001688029844532396, 0.0, 3.505, 0.6505109123801155, 0.0, 5.472593664813987, 0.07151659153462184
0.0152, -1484.36273718266, -1234.0217612240615, 15.43596346260373, -1234.0217612240615, 0.0, -0.9792510660854764, 2.4792510660854763, 0.0021743880480756465, 0.0, 3.505, 0.654818931667401, 0.0, 5.987812835333648, 0.06852118231967078
0.0153, -1510.1125748940158, -1249.621718642972, 15.951297858701917, -1249.621718642972, 0.0, -1.0150283637551492, 2.515028363755149, 0.002648621527401067, 0.0, 3.505, 0.6591269509546865, 0.0, 6.528899084383178, 0.065764005878201
0.0154, -1530.5773567806166, -1265.2945098564314, 16.61538969690438, -1265.2945098564314, 0.0, -1.0513536303613602, 2.55135363036136, 0.0030398329551740463, 0.0, 3.505, 0.6634349702419721, 0.0, 7.00122932494439, 0.06364498412629196
0.0155, -1553.98741878285, -1277.7627998123849, 16.663167747676564, -1277.7627998123849, 0.0, -1.088108049389998, 2.588108049389998, 0.003675720207272032, 0.0, 3.505, 0.6677429895292576, 0.0, 7.850164836205459, 0.06023500330467758
0.0156, -1563.4294218766715, -1277.3975632281847, 17.33564978306657, -1277.3975632281847, 0.0, -1.125551064121932, 2.625551064121932, 0.003938611412259037, 0.0, 3.505, 0.6720510088165431, 0.0, 8.203754811094292, 0.0590490557584147
0.0157, -1574.4137443415414, -1281.4183522579553, 17.913343127011885, -1281.4183522579553, 0.0, -1.162756305590091, 2.662756305590091, 0.004499341817394392, 0.0, 3.505, 0.6763590281038286, 0.0, 9.050067444105961, 0.05634020247595261
0.0158, -1588.437513817327, -1288.3953002039727, 18.48059799291416, -1288.3953002039727, 0.0, -1.2007237830870647, 2.7007237830870645, 0.0048186106193729185, 0.0, 3.505, 0.680667047391114, 0.0, 9.541547617893944, 0.05498624276096393
0.0159, -1602.4549597179127, -1296.357916318603, 18.493407405871473, -1296.357916318603, 0.0, -1.2385986102250794, 2.7385986102250794, 0.005433411687635989, 0.0, 3.505, 0.6849750666783996, 0.0, 10.606340460093868, 0.052262962043726414
