Number of particles: 32
Initial configuration: FCC
Dry microgel radius [nm]: 50.0
Box length [units of dry radius]: 19.864645802094532
Number of monomers: 2916666.666666667
Number of chains: 2916.666666666667
Flory interaction parameter (chi): 0.0
Young's calibration factor: 0.1
x-link fraction: 0.001
Reservoir swelling ratio: 3.505574917793274
Mean swelling ratio: 3.505
Dry volume fraction: 0.01709999999999996
Reservoir volume fraction: 0.7366715010387426
Actual volume fraction: 0.7281511195534186
MC steps: 60000
Equilibration steps: 10000.0
Snapshot interval: 100
Displacement tolerance: 0.1
Particle radius change tolerance: 0.0
Particle radius bin width: 0.001
g(r) bin width: 0.005
Mean pair energy <E_pair>/N [kT]: 1.244140184880481
The coupling constant increment - dlambda: 0.0
phi0,         Freference/V,           <F_FR>/V,     		<alpha>,      		zeta, 	 		SpringConstant, 		lindemannParameter
0.0101, -0.019781531690362803, 0.0, 3.505, 0.43511006786498935, 0.01412754796682992, 1.230981397111422
0.0102, -0.02082604085506477, 0.0, 3.505, 0.4394180883389001, 0.011112585003234664, 1.3925269310646269
0.0103, -0.020998611345831482, 0.0, 3.505, 0.4437261088128108, 0.011208965575983394, 1.3910435740310698
0.0104, -0.020224693676376606, 0.0, 3.505, 0.4480341292867216, 0.014695236226068472, 1.2188041408053598
0.0105, -0.020838766547708092, 0.0, 3.505, 0.45234214976063236, 0.01309357669550333, 1.2953238995933694
0.0106, -0.02108193925394555, 0.0, 3.505, 0.45665017023454313, 0.012932710317733779, 1.3074796576731347
0.0107, -0.021870143448688716, 0.0, 3.505, 0.4609581907084539, 0.011031932629536603, 1.4200813348292858
0.0108, -0.02118579696030328, 0.0, 3.505, 0.46526621118236466, 0.013982493035003275, 1.2652996069879687
0.0109, -0.021954330783604474, 0.0, 3.505, 0.46957423165627543, 0.01201600396691616, 1.3691148938799511
0.011, -0.022145847849809278, 0.0, 3.505, 0.47388225213018614, 0.012044848569978102, 1.3716437113500697
0.0111, -0.022193222103630426, 0.0, 3.505, 0.4781902726040969, 0.012533722704249205, 1.348689715148862
0.0112, -0.022265362171232466, 0.0, 3.505, 0.4824982930780077, 0.012950343106975912, 1.3307908228676883
0.0113, -0.02282640542614204, 0.0, 3.505, 0.48680631355191845, 0.011804998241567116, 1.3979906870137184
0.0114, -0.022165632982811618, 0.0, 3.505, 0.4911143340258292, 0.014680137936046927, 1.2573252659595309
0.0115, -0.022316786803113445, 0.0, 3.505, 0.49542235449974, 0.01483748311873031, 1.254287001759997
0.0116, -0.021817244116379288, 0.0, 3.505, 0.49973037497365075, 0.017625222053572184, 1.1541523095165
0.0117, -0.02254901842584991, 0.0, 3.505, 0.5040383954475615, 0.015412711975633242, 1.237751657047963
0.0118, -0.02192388452898877, 0.0, 3.505, 0.5083464159214722, 0.01881781074534421, 1.1233641188235306
0.0119, -0.023083195355728565, 0.0, 3.505, 0.512654436395383, 0.014861915003794175, 1.2676208123250674
0.012, -0.022341766751728064, 0.0, 3.505, 0.5169624568692938, 0.018602992706157992, 1.1361790261317268
0.0121, -0.02313790438736638, 0.0, 3.505, 0.5212704773432045, 0.01608412634888937, 1.2252954267408804
0.0122, -0.02200423224251073, 0.0, 3.505, 0.5255784978171153, 0.021992491092250554, 1.0507365149147447
0.0123, -0.022880207008099458, 0.0, 3.505, 0.5298865182910261, 0.018680925242697446, 1.1431773375796421
0.0124, -0.022885450898314372, 0.0, 3.505, 0.5341945387649368, 0.019479314083847454, 1.1225305228141786
0.0125, -0.022320843213169836, 0.0, 3.505, 0.5385025592388476, 0.023148846022426763, 1.032483432862166
0.0126, -0.02320436396233192, 0.0, 3.505, 0.5428105797127584, 0.01969757038668198, 1.1222637755987994
0.0127, -0.022604422932144697, 0.0, 3.505, 0.547118600186669, 0.023530526686301026, 1.0295082789065193
0.0128, -0.023430694145733077, 0.0, 3.505, 0.5514266206605798, 0.020330739359787603, 1.1104640346686883
0.0129, -0.02406498230996033, 0.0, 3.505, 0.5557346411344906, 0.01837763376348282, 1.1710161041910723
0.013, -0.020969594129000214, 0.0, 3.505, 0.5600426616084013, 0.03804244007890145, 0.8160022607407926
0.0131, -0.02058349211466713, 0.0, 3.505, 0.5643506820823121, 0.0429051753321546, 0.770335688438587
0.0132, -0.019944840186157015, 0.0, 3.505, 0.5686587025562229, 0.05104003952651062, 0.708076590471149
0.0133, -0.02178766333580006, 0.0, 3.505, 0.5729667230301336, 0.03536730219919873, 0.8527610208526885
0.0134, -0.017820099027866187, 0.0, 3.505, 0.5772747435040444, 0.08600190817824281, 0.5482247644307745
0.0135, -0.02120333703469823, 0.0, 3.505, 0.5815827639779552, 0.04295677947160964, 0.7776302734788584
0.0136, -0.019886188807404608, 0.0, 3.505, 0.5858907844518659, 0.05870378167427673, 0.6668441674860205
0.0137, -0.016869844767243746, 0.0, 3.505, 0.5901988049257767, 0.1141804520334054, 0.47931615909414066
0.0138, -0.016118507552358767, 0.0, 3.505, 0.5945068253996875, 0.13704208534437579, 0.4385749373294739
0.0139, -0.01718032390216761, 0.0, 3.505, 0.5988148458735982, 0.11263513253176273, 0.48493004202437107
0.014, -0.015757280762459098, 0.0, 3.505, 0.603122866347509, 0.15484957253683687, 0.41457085474854977
0.0141, -0.015389669151628826, 0.0, 3.505, 0.6074308868214197, 0.17079531968737155, 0.39568186735852756
0.0142, -0.01589252642888067, 0.0, 3.505, 0.6117389072953304, 0.1576520511257131, 0.412816831206367
0.0143, -0.006856223851367235, 0.0, 3.505, 0.6160469277692412, 0.996597705450272, 0.16457473514540588
0.0144, -0.006390479144991591, 0.0, 3.505, 0.620354948243152, 1.1043679190684046, 0.15670217822341753
0.0145, -0.0061959812129566885, 0.0, 3.505, 0.6246629687170627, 1.1579058396778366, 0.153390032378279
0.0146, -0.015162849136251854, 0.0, 3.505, 0.6289709891909735, 0.19878990509866037, 0.3710492424227153
0.0147, -0.00575905635133754, 0.0, 3.505, 0.6332790096648843, 1.2824294647253751, 0.14641990752341683
0.0148, -0.0054924551771737325, 0.0, 3.505, 0.637587030138795, 1.3609285408859426, 0.14245597558644366
0.0149, -0.005246159332082404, 0.0, 3.505, 0.6418950506127058, 1.4374221797196787, 0.13892519414475007
0.015, -0.004977770875069956, 0.0, 3.505, 0.6462030710866166, 1.5235620304560358, 0.1352419559258279
0.0151, -0.00474370206028663, 0.0, 3.505, 0.6505110915605273, 1.603080747198672, 0.13213738577677386
0.0152, -0.0045363867037616305, 0.0, 3.505, 0.6548191120344381, 1.6770887904810021, 0.1294735119641851
0.0153, -0.00432475395927352, 0.0, 3.505, 0.6591271325083489, 1.7549039795739825, 0.1268473965326448
0.0154, -0.004046038008010522, 0.0, 3.505, 0.6634351529822596, 1.85843682222675, 0.12353141986163409
0.0155, -0.0038278799832034815, 0.0, 3.505, 0.6677431734561703, 1.9445965210235736, 0.1210245772593117
0.0156, -0.0036123546836094663, 0.0, 3.505, 0.6720511939300811, 2.032577973644454, 0.1186303155997493
0.0157, -0.003394382019587803, 0.0, 3.505, 0.6763592144039919, 2.1242952730645093, 0.11628852712797401
0.0158, -0.00315435717421188, 0.0, 3.505, 0.6806672348779027, 2.227854546478483, 0.11379417712128267
0.0159, -0.002925162816564201, 0.0, 3.505, 0.6849752553518135, 2.3304813866500873, 0.11149463821082288
0.016, -0.0025870606773676316, 0.0, 3.505, 0.6892832758257242, 2.4847399994026564, 0.10820415695961914
0.0161, -0.0024363211612622496, 0.0, 3.505, 0.693591296299635, 2.559771575894882, 0.10682816774396776
0.0162, -0.0021375503138951995, 0.0, 3.505, 0.6978993167735458, 2.7064570916708193, 0.10410754186492936
0.0163, -0.0019053357053532062, 0.0, 3.505, 0.7022073372474565, 2.8261292950042627, 0.10208868628268838
0.0164, -0.0016609353553716484, 0.0, 3.505, 0.7065153577213672, 2.955858259937864, 0.10002699932538883
0.0165, -0.0013828984526663615, 0.0, 3.505, 0.710823378195278, 3.108069165810345, 0.09774481698557355
0.0166, -0.0011593168098672701, 0.0, 3.505, 0.7151313986691887, 3.2353992890127925, 0.09599527276480728
0.0167, -8.988634507960553E-4, 0.0, 3.505, 0.7194394191430995, 3.387817341412592, 0.09399900521104079
0.0168, -6.273018948069164E-4, 0.0, 3.505, 0.7237474396170103, 3.552233562327971, 0.09198071145048853
0.0169, -4.108090362890211E-4, 0.0, 3.505, 0.728055460090921, 3.6877359745025573, 0.09045378658443105
