0 0.0
1 0.0
2 0.0
3 0.0
4 0.0
5 0.0
6 0.0
7 0.0
8 0.0
9 0.0
10 0.0
11 0.0
12 0.0
13 0.0
14 0.0
15 0.0
16 0.0
17 0.0
18 0.0
19 0.0
20 0.0
21 0.0
22 0.0
23 0.0
24 0.0
25 0.0
26 0.0
27 0.0
28 0.0
29 0.0
30 0.0
31 0.0
32 0.0
33 0.0
34 0.0
35 0.0
36 0.0
37 0.0
38 0.0
39 0.0
40 0.0
41 0.0
42 0.0
43 0.0
44 0.0
45 0.0
46 0.0
47 0.0
48 0.0
49 0.0
50 0.0
51 0.0
52 0.0
53 0.0
54 0.0
55 0.0
56 0.0
57 0.0
58 0.0
59 0.0
60 0.0
61 0.0
62 0.0
63 0.0
64 0.0
65 0.0
66 0.0
67 0.0
68 0.0
69 0.0
70 0.0
71 0.0
72 0.0
73 0.0
74 0.0
75 0.0
76 0.0
77 0.0
78 0.0
79 0.0
80 0.0
81 0.0
82 0.0
83 0.0
84 0.0
85 0.0
86 0.0
87 0.0
88 0.0
89 0.0
90 0.0
91 0.0
92 0.0
93 0.0
94 0.0
95 0.0
96 0.0
97 0.0
98 0.0
99 0.0
100 0.0
101 0.0
102 0.0
103 0.0
104 0.0
105 0.0
106 0.0
107 0.0
108 0.0
109 0.0
110 0.0
111 0.0
112 0.0
113 0.0
114 0.0
115 0.0
116 0.0
117 0.0
118 0.0
119 0.0
120 0.0
121 0.0
122 0.0
123 0.0
124 0.0
125 0.0
126 0.0
127 0.0
128 0.0
129 0.0
130 0.0
131 0.0
132 0.0
133 0.0
134 0.0
135 0.0
136 0.0
137 0.0
138 0.0
139 0.0
140 0.0
141 0.0
142 0.0
143 0.0
144 0.0
145 0.0
146 0.0
147 0.0
148 0.0
149 0.0
150 0.0
151 0.0
152 0.0
153 0.0
154 0.0
155 0.0
156 0.0
157 0.0
158 0.0
159 0.0
160 0.0
161 0.0
162 0.0
163 0.0
164 0.0
165 0.0
166 0.0
167 0.0
168 0.0
169 0.0
170 0.0
171 0.0
172 0.0
173 0.0
174 0.0
175 0.0
176 0.0
177 0.0
178 0.0
179 0.0
180 0.0
181 0.0
182 0.0
183 0.0
184 0.0
185 0.0
186 0.0
187 0.0
188 0.0
189 0.0
190 0.0
191 0.0
192 0.0
193 0.0
194 0.0
195 0.0
196 0.0
197 0.0
198 0.0
199 0.0
200 0.0
201 0.0
202 0.0
203 0.0
204 0.0
205 0.0
206 0.0
207 0.0
208 0.0
209 0.0
210 0.0
211 0.0
212 0.0
213 0.0
214 0.0
215 0.0
216 0.0
217 0.0
218 0.0
219 0.0
220 0.0
221 0.0
222 0.0
223 0.0
224 0.0
225 0.0
226 0.0
227 0.0
228 0.0
229 0.0
230 0.0
231 0.0
232 0.0
233 0.0
234 0.0
235 0.0
236 0.0
237 0.0
238 0.0
239 0.0
240 0.0
241 0.0
242 0.0
243 0.0
244 0.0
245 0.0
246 0.0
247 0.0
248 0.0
249 0.0
250 0.0
251 0.0
252 0.0
253 0.0
254 0.0
255 0.0
256 0.0
257 0.0
258 0.0
259 0.0
260 0.0
261 0.0
262 0.0
263 0.0
264 0.0
265 0.0
266 0.0
267 0.0
268 0.0
269 0.0
270 0.0
271 0.0
272 0.0
273 0.0
274 0.0
275 0.0
276 0.0
277 0.0
278 0.0
279 0.0
280 0.0
281 0.0
282 0.0
283 0.0
284 0.0
285 0.0
286 0.0
287 0.0
288 0.0
289 0.0
290 0.0
291 0.0
292 0.0
293 0.0
294 0.0
295 0.0
296 0.0
297 0.0
298 0.0
299 0.0
300 0.0
301 0.0
302 0.0
303 0.0
304 0.0
305 0.0
306 0.0
307 0.0
308 0.0
309 0.0
310 0.0
311 0.0
312 0.0
313 0.0
314 0.0
315 0.0
316 0.0
317 0.0
318 0.0
319 0.0
320 0.0
321 0.0
322 0.0
323 0.0
324 0.0
325 0.0
326 0.0
327 0.0
328 0.0
329 0.0
330 0.0
331 0.0
332 0.0
333 0.0
334 0.0
335 0.0
336 0.0
337 0.0
338 0.0
339 0.0
340 0.0
341 0.0
342 0.0
343 0.0
344 0.0
345 0.0
346 0.0
347 0.0
348 0.0
349 0.0
350 0.0
351 0.0
352 0.0
353 0.0
354 0.0
355 0.0
356 0.0
357 0.0
358 0.0
359 0.0
360 0.0
361 0.0
362 0.0
363 0.0
364 0.0
365 0.0
366 0.0
367 0.0
368 0.0
369 0.0
370 0.0
371 0.0
372 0.0
373 0.0
374 0.0
375 0.0
376 0.0
377 0.0
378 0.0
379 0.0
380 0.0
381 0.0
382 0.0
383 0.0
384 0.0
385 0.0
386 0.0
387 0.0
388 0.0
389 0.0
390 0.0
391 0.0
392 0.0
393 0.0
394 0.0
395 0.0
396 0.0
397 0.0
398 0.0
399 0.0
400 0.0
401 0.0
402 0.0
403 0.0
404 0.0
405 0.0
406 0.0
407 0.0
408 0.0
409 0.0
410 0.0
411 0.0
412 0.0
413 0.0
414 0.0
415 0.0
416 0.0
417 0.0
418 0.0
419 0.0
420 0.0
421 0.0
422 0.0
423 0.0
424 0.0
425 0.0
426 0.0
427 0.0
428 0.0
429 0.0
430 0.0
431 0.0
432 0.0
433 0.0
434 0.0
435 0.0
436 0.0
437 0.0
438 0.0
439 0.0
440 0.0
441 0.0
442 0.0
443 0.0
444 0.0
445 0.0
446 0.0
447 0.0
448 0.0
449 0.0
450 0.0
451 0.0
452 0.0
453 0.0
454 0.0
455 0.0
456 0.0
457 0.0
458 0.0
459 0.0
460 0.0
461 0.0
462 0.0
463 0.0
464 0.0
465 0.0
466 0.0
467 0.0
468 0.0
469 0.0
470 0.0
471 0.0
472 0.0
473 0.0
474 0.0
475 0.0
476 0.0
477 0.0
478 0.0
479 0.0
480 0.0
481 0.0
482 0.0
483 0.0
484 0.0
485 0.0
486 0.0
487 0.0
488 0.0
489 0.0
490 0.0
491 0.0
492 0.0
493 0.0
494 0.0
495 0.0
496 0.0
497 0.0
498 0.0
499 0.0
500 0.0
501 0.0
502 0.0
503 0.0
504 0.0
505 0.0
506 0.0
507 0.0
508 0.0
509 0.0
510 0.0
511 0.0
512 0.0
513 0.0
514 0.0
515 0.0
516 0.0
517 0.0
518 0.0
519 0.0
520 0.0
521 0.0
522 0.0
523 0.0
524 0.0
525 0.0
526 0.0
527 0.0
528 0.0
529 0.0
530 0.0
531 0.0
532 0.0
533 0.0
534 0.0
535 0.0
536 0.0
537 0.0
538 0.0
539 0.0
540 0.0
541 0.0
542 0.0
543 0.0
544 0.0
545 0.0
546 0.0
547 0.0
548 0.0
549 0.0
550 0.0
551 0.0
552 0.0
553 0.0
554 0.0
555 0.0
556 0.0
557 0.0
558 0.0
559 0.0
560 0.0
561 0.0
562 0.0
563 0.0
564 0.0
565 0.0
566 0.0
567 0.0
568 0.0
569 0.0
570 0.0
571 0.0
572 0.0
573 0.0
574 0.0
575 0.0
576 0.0
577 0.0
578 0.0
579 0.0
580 0.0
581 0.0
582 0.0
583 0.0
584 0.0
585 0.0
586 0.0
587 0.0
588 0.0
589 0.0
590 0.0
591 0.0
592 0.0
593 0.0
594 0.0
595 0.0
596 0.0
597 0.0
598 0.0
599 0.0
600 0.0
601 0.0
602 0.0
603 0.0
604 0.0
605 0.0
606 0.0
607 0.0
608 0.0
609 0.0
610 0.0
611 0.0
612 0.0
613 0.0
614 0.0
615 0.0
616 0.0
617 0.0
618 0.0
619 0.0
620 0.0
621 0.0
622 0.0
623 0.0
624 0.0
625 0.0
626 0.0
627 0.0
628 0.0
629 0.0
630 0.0
631 0.0
632 0.0
633 0.0
634 0.0
635 0.0
636 0.0
637 0.0
638 0.0
639 0.0
640 0.0
641 0.0
642 0.0
643 0.0
644 0.0
645 0.0
646 0.0
647 0.0
648 0.0
649 0.0
650 0.0
651 0.0
652 0.0
653 0.0
654 0.0
655 0.0
656 0.0
657 0.0
658 0.0
659 0.0
660 0.0
661 0.0
662 0.0
663 0.0
664 0.0
665 0.0
666 0.0
667 0.0
668 0.0
669 0.0
670 0.0
671 0.0
672 0.0
673 0.0
674 0.0
675 0.0
676 0.0
677 0.0
678 0.0
679 0.0
680 0.0
681 0.0
682 0.0
683 0.0
684 0.0
685 0.0
686 0.0
687 0.0
688 0.0
689 0.0
690 0.0
691 0.0
692 0.0
693 0.0
694 0.0
695 0.0
696 0.0
697 0.0
698 0.0
699 0.0
700 0.0
701 0.0
702 0.0
703 0.0
704 0.0
705 0.0
706 0.0
707 0.0
708 0.0
709 0.0
710 0.0
711 0.0
712 0.0
713 0.0
714 0.0
715 0.0
716 0.0
717 0.0
718 0.0
719 0.0
720 0.0
721 0.0
722 0.0
723 0.0
724 0.0
725 0.0
726 0.0
727 0.0
728 0.0
729 0.0
730 0.0
731 0.0
732 0.0
733 0.0
734 0.0
735 0.0
736 0.0
737 0.0
738 0.0
739 0.0
740 0.0
741 0.0
742 0.0
743 0.0
744 0.0
745 0.0
746 0.0
747 0.0
748 0.0
749 0.0
750 0.0
751 0.0
752 0.0
753 0.0
754 0.0
755 0.0
756 0.0
757 0.0
758 0.0
759 0.0
760 0.0
761 0.0
762 0.0
763 0.0
764 0.0
765 0.0
766 0.0
767 0.0
768 0.0
769 0.0
770 0.0
771 0.0
772 0.0
773 0.0
774 0.0
775 0.0
776 0.0
777 0.0
778 0.0
779 0.0
780 0.0
781 0.0
782 0.0
783 0.0
784 0.0
785 0.0
786 0.0
787 0.0
788 0.0
789 0.0
790 0.0
791 0.0
792 0.0
793 0.0
794 0.0
795 0.0
796 0.0
797 0.0
798 0.0
799 0.0
800 0.0
801 0.0
802 0.0
803 0.0
804 0.0
805 0.0
806 0.0
807 0.0
808 0.0
809 0.0
810 0.0
811 0.0
812 0.0
813 0.0
814 0.0
815 0.0
816 0.0
817 0.0
818 0.0
819 0.0
820 0.0
821 0.0
822 0.0
823 0.0
824 0.0
825 0.0
826 0.0
827 0.0
828 0.0
829 0.0
830 0.0
831 0.0
832 0.0
833 0.0
834 0.0
835 0.0
836 0.0
837 0.0
838 0.0
839 0.0
840 0.0
841 0.0
842 0.0
843 0.0
844 0.0
845 0.0
846 0.0
847 0.0
848 0.0
849 0.0
850 0.0
851 0.0
852 0.0
853 0.0
854 0.0
855 0.0
856 0.0
857 0.0
858 0.0
859 0.0
860 0.0
861 0.0
862 0.0
863 0.0
864 0.0
865 0.0
866 0.0
867 0.0
868 0.0
869 0.0
870 0.0
871 0.0
872 0.0
873 0.0
874 0.0
875 0.0
876 0.0
877 0.0
878 0.0
879 0.0
880 0.0
881 0.0
882 0.0
883 0.0
884 0.0
885 0.0
886 0.0
887 0.0
888 0.0
889 0.0
890 0.0
891 0.0
892 0.0
893 0.0
894 0.0
895 0.0
896 0.0
897 0.0
898 0.0
899 0.0
900 0.0
901 0.0
902 0.0
903 0.0
904 0.0
905 0.0
906 0.0
907 0.0
908 0.0
909 0.0
910 0.0
911 0.0
912 0.0
913 0.0
914 0.0
915 0.0
916 0.0
917 0.0
918 0.0
919 0.0
920 0.0
921 0.0
922 0.0
923 0.0
924 0.0
925 0.0
926 0.0
927 0.0
928 0.0
929 0.0
930 0.0
931 0.0
932 0.0
933 0.0
934 0.0
935 0.0
936 0.0
937 0.0
938 0.0
939 0.0
940 0.0
941 0.0
942 0.0
943 0.0
944 0.0
945 0.0
946 0.0
947 0.0
948 0.0
949 0.0
950 0.0
951 0.0
952 0.0
953 0.0
954 0.0
955 0.0
956 0.0
957 0.0
958 0.0
959 0.0
960 0.0
961 0.0
962 0.0
963 0.0
964 0.0
965 0.0
966 0.0
967 0.0
968 0.0
969 0.0
970 0.0
971 0.0
972 0.0
973 0.0
974 0.0
975 0.0
976 0.0
977 0.0
978 0.0
979 0.0
980 0.0
981 0.0
982 0.0
983 0.0
984 0.0
985 0.0
986 0.0
987 0.0
988 0.0
989 0.0
990 0.0
991 0.0
992 0.0
993 0.0
994 0.0
995 0.0
996 0.0
997 0.0
998 0.0
999 0.0
1000 0.0
1001 0.0
1002 0.0
1003 0.0
1004 0.0
1005 0.0
1006 0.0
1007 0.0
1008 0.0
1009 0.0
1010 0.0
1011 0.0
1012 0.0
1013 0.0
1014 0.0
1015 0.0
1016 0.0
1017 0.0
1018 0.0
1019 0.0
1020 0.0
1021 0.0
1022 0.0
1023 0.0
1024 0.0
1025 0.0
1026 0.0
1027 0.0
1028 0.0
1029 0.0
1030 0.0
1031 0.0
1032 0.0
1033 0.0
1034 0.0
1035 0.0
1036 0.0
1037 0.0
1038 0.0
1039 0.0
1040 0.0
1041 0.0
1042 0.0
1043 0.0
1044 0.0
1045 0.0
1046 0.0
1047 0.0
1048 0.0
1049 0.0
1050 0.0
1051 0.0
1052 0.0
1053 0.0
1054 0.0
1055 0.0
1056 0.0
1057 0.0
1058 0.0
1059 0.0
1060 0.0
1061 0.0
1062 0.0
1063 0.0
1064 0.0
1065 0.0
1066 0.0
1067 0.0
1068 0.0
1069 0.0
1070 0.0
1071 0.0
1072 0.0
1073 0.0
1074 0.0
1075 0.0
1076 0.0
1077 0.0
1078 0.0
1079 0.0
1080 0.0
1081 0.0
1082 0.0
1083 0.0
1084 0.0
1085 0.0
1086 0.0
1087 0.0
1088 0.0
1089 0.0
1090 0.0
1091 0.0
1092 0.0
1093 0.0
1094 0.0
1095 0.0
1096 0.0
1097 0.0
1098 0.0
1099 0.0
1100 0.0
1101 0.0
1102 0.0
1103 0.0
1104 0.0
1105 0.0
1106 0.0
1107 0.0
1108 0.0
1109 0.0
1110 0.0
1111 0.0
1112 0.0
1113 0.0
1114 0.0
1115 0.0
1116 0.0
1117 0.0
1118 0.0
1119 0.0
1120 0.0
1121 0.0
1122 0.0
1123 0.0
1124 0.0
1125 0.0
1126 0.0
1127 0.0
1128 0.0
1129 0.0
1130 0.0
1131 0.0
1132 0.0
1133 0.0
1134 0.0
1135 0.0
1136 0.0
1137 0.0
1138 0.0
1139 0.0
1140 0.0
1141 0.0
1142 0.0
1143 0.0
1144 0.0
1145 0.0
1146 0.0
1147 0.0
1148 0.0
1149 0.0
1150 0.0
1151 0.0
1152 0.0
1153 0.0
1154 0.0
1155 0.0
1156 0.0
1157 0.0
1158 0.0
1159 0.0
1160 0.0
1161 0.0
1162 0.0
1163 0.0
1164 0.0
1165 0.0
1166 0.0
1167 0.0
1168 0.0
1169 0.0
1170 0.0
1171 0.0
1172 0.0
1173 0.0
1174 0.0
1175 0.0
1176 0.0
1177 0.0
1178 0.0
1179 0.0
1180 0.0
1181 0.0
1182 0.0
1183 0.0
1184 0.0
1185 0.0
1186 0.0
1187 0.0
1188 0.0
1189 0.0
1190 0.0
1191 0.0
1192 0.0
1193 0.0
1194 0.0
1195 0.0
1196 0.0
1197 0.0
1198 0.0
1199 0.0
1200 0.0
1201 0.0
1202 0.0
1203 0.0
1204 0.0
1205 0.0
1206 0.0
1207 0.0
1208 0.0
1209 0.0
1210 0.0
1211 0.0
1212 0.0
1213 0.0
1214 0.0
1215 0.0
1216 0.0
1217 0.0
1218 0.0
1219 0.0
1220 0.0
1221 0.0
1222 0.0
1223 0.0
1224 0.0
1225 0.0
1226 0.0
1227 0.0
1228 0.0
1229 0.0
1230 0.0
1231 0.0
1232 0.0
1233 0.0
1234 0.0
1235 0.0
1236 0.0
1237 0.0
1238 0.0
1239 0.0
1240 0.0
1241 0.0
1242 0.0
1243 0.0
1244 0.0
1245 0.0
1246 0.0
1247 0.0
1248 0.0
1249 0.0
1250 0.0
1251 0.0
1252 0.0
1253 0.0
1254 0.0
1255 0.0
1256 0.0
1257 0.0
1258 0.0
1259 0.0
1260 0.0
1261 0.0
1262 0.0
1263 0.0
1264 0.0
1265 0.0
1266 0.0
1267 0.0
1268 0.0
1269 0.0
1270 0.0
1271 0.0
1272 0.0
1273 0.0
1274 0.0
1275 0.0
1276 0.0
1277 0.0
1278 0.0
1279 0.0
1280 0.0
1281 0.0
1282 0.0
1283 0.0
1284 0.0
1285 0.0
1286 0.0
1287 0.0
1288 0.0
1289 0.0
1290 0.0
1291 0.0
1292 0.0
1293 0.0
1294 0.0
1295 0.0
1296 0.0
1297 0.0
1298 0.0
1299 0.0
1300 0.0
1301 0.0
1302 0.0
1303 0.0
1304 0.0
1305 0.0
1306 0.0
1307 0.0
1308 0.0
1309 0.0
1310 0.0
1311 0.0
1312 0.0
1313 0.0
1314 0.0
1315 0.0
1316 0.0
1317 0.0
1318 0.0
1319 0.0
1320 0.0
1321 0.0
1322 0.0
1323 0.0
1324 0.0
1325 0.0
1326 0.0
1327 0.0
1328 0.0
1329 0.0
1330 0.0
1331 0.0
1332 0.0
1333 0.0
1334 0.0
1335 0.0
1336 0.0
1337 0.0
1338 0.0
1339 0.0
1340 0.0
1341 0.0
1342 0.0
1343 0.0
1344 0.0
1345 0.0
1346 0.0
1347 0.0
1348 0.0
1349 0.0
1350 0.0
1351 0.0
1352 0.0
1353 0.0
1354 0.0
1355 0.0
1356 0.0
1357 0.0
1358 0.0
1359 0.0
1360 0.0
1361 0.0
1362 0.0
1363 0.0
1364 0.0
1365 0.0
1366 0.0
1367 0.0
1368 0.0
1369 0.0
1370 0.0
1371 0.0
1372 0.0
1373 0.0
1374 0.0
1375 0.0
1376 0.0
1377 0.0
1378 0.0
1379 0.0
1380 0.0
1381 0.0
1382 0.0
1383 0.0
1384 0.0
1385 0.0
1386 0.0
1387 0.0
1388 0.0
1389 0.0
1390 0.0
1391 0.0
1392 0.0
1393 0.0
1394 0.0
1395 0.0
1396 0.0
1397 0.0
1398 0.0
1399 0.0
1400 0.0
1401 0.0
1402 0.0
1403 0.0
1404 0.0
1405 0.0
1406 0.0
1407 0.0
1408 0.0
1409 0.0
1410 0.0
1411 0.0
1412 0.0
1413 0.0
1414 0.0
1415 0.0
1416 0.0
1417 0.0
1418 0.0
1419 0.0
1420 0.0
1421 0.0
1422 0.0
1423 0.0
1424 0.0
1425 0.0
1426 0.0
1427 0.0
1428 0.0
1429 0.0
1430 0.0
1431 0.0
1432 0.0
1433 0.0
1434 0.0
1435 0.0
1436 0.0
1437 0.0
1438 0.0
1439 0.0
1440 0.0
1441 0.0
1442 0.0
1443 0.0
1444 0.0
1445 0.0
1446 0.0
1447 0.0
1448 0.0
1449 0.0
1450 0.0
1451 0.0
1452 0.0
1453 0.0
1454 0.0
1455 0.0
1456 0.0
1457 0.0
1458 0.0
1459 0.0
1460 0.0
1461 0.0
1462 0.0
1463 0.0
1464 0.0
1465 0.0
1466 0.0
1467 0.0
1468 0.0
1469 0.0
1470 0.0
1471 0.0
1472 0.0
1473 0.0
1474 0.0
1475 0.0
1476 0.0
1477 0.0
1478 0.0
1479 0.0
1480 0.0
1481 0.0
1482 0.0
1483 0.0
1484 0.0
1485 0.0
1486 0.0
1487 0.0
1488 0.0
1489 0.0
1490 0.0
1491 0.0
1492 0.0
1493 0.0
1494 0.0
1495 0.0
1496 0.0
1497 0.0
1498 0.0
1499 0.0
1500 0.0
1501 0.0
1502 0.0
1503 0.0
1504 0.0
1505 0.0
1506 0.0
1507 0.0
1508 0.0
1509 0.0
1510 0.0
1511 0.0
1512 0.0
1513 0.0
1514 0.0
1515 0.0
1516 0.0
1517 0.0
1518 0.0
1519 0.0
1520 0.0
1521 0.0
1522 0.0
1523 0.0
1524 0.0
1525 0.0
1526 0.0
1527 0.0
1528 0.0
1529 0.0
1530 0.0
1531 0.0
1532 0.0
1533 0.0
1534 0.0
1535 0.0
1536 0.0
1537 0.0
1538 0.0
1539 0.0
1540 0.0
1541 0.0
1542 0.0
1543 0.0
1544 0.0
1545 0.0
1546 0.0
1547 0.0
1548 0.0
1549 0.0
1550 0.0
1551 0.0
1552 0.0
1553 0.0
1554 0.0
1555 0.0
1556 0.0
1557 0.0
1558 0.0
1559 0.0
1560 0.0
1561 0.0
1562 0.0
1563 0.0
1564 0.0
1565 0.0
1566 0.0
1567 0.0
1568 0.0
1569 0.0
1570 0.0
1571 0.0
1572 0.0
1573 0.0
1574 0.0
1575 0.0
1576 0.0
1577 0.0
1578 0.0
1579 0.0
1580 0.0
1581 0.0
1582 0.0
1583 0.0
1584 0.0
1585 0.0
1586 0.0
1587 0.0
1588 0.0
1589 0.0
1590 0.0
1591 0.0
1592 0.0
1593 0.0
1594 0.0
1595 0.0
1596 0.0
1597 0.0
1598 0.0
1599 0.0
1600 0.0
1601 0.0
1602 0.0
1603 0.0
1604 0.0
1605 0.0
1606 0.0
1607 0.0
1608 0.0
1609 0.0
1610 0.0
1611 0.0
1612 0.0
1613 0.0
1614 0.0
1615 0.0
1616 0.0
1617 0.0
1618 0.0
1619 0.0
1620 0.0
1621 0.0
1622 0.0
1623 0.0
1624 0.0
1625 0.0
1626 0.0
1627 0.0
1628 0.0
1629 0.0
1630 0.0
1631 0.0
1632 0.0
1633 0.0
1634 0.0
1635 0.0
1636 0.0
1637 0.0
1638 0.0
1639 0.0
1640 0.0
1641 0.0
1642 0.0
1643 0.0
1644 0.0
1645 0.0
1646 0.0
1647 0.0
1648 0.0
1649 0.0
1650 0.0
1651 0.0
1652 0.0
1653 0.0
1654 0.0
1655 0.0
1656 0.0
1657 0.0
1658 0.0
1659 0.0
1660 0.0
1661 0.0
1662 0.0
1663 0.0
1664 0.0
1665 0.0
1666 0.0
1667 0.0
1668 0.0
1669 0.0
1670 0.0
1671 0.0
1672 0.0
1673 0.0
1674 0.0
1675 0.0
1676 0.0
1677 0.0
1678 0.0
1679 0.0
1680 0.0
1681 0.0
1682 0.0
1683 0.0
1684 0.0
1685 0.0
1686 0.0
1687 0.0
1688 0.0
1689 0.0
1690 0.0
1691 0.0
1692 0.0
1693 0.0
1694 0.0
1695 0.0
1696 0.0
1697 0.0
1698 0.0
1699 0.0
1700 0.0
1701 0.0
1702 0.0
1703 0.0
1704 0.0
1705 0.0
1706 0.0
1707 0.0
1708 0.0
1709 0.0
1710 0.0
1711 0.0
1712 0.0
1713 0.0
1714 0.0
1715 0.0
1716 0.0
1717 0.0
1718 0.0
1719 0.0
1720 0.0
1721 0.0
1722 0.0
1723 0.0
1724 0.0
1725 0.0
1726 0.0
1727 0.0
1728 0.0
1729 0.0
1730 0.0
1731 0.0
1732 0.0
1733 0.0
1734 0.0
1735 0.0
1736 0.0
1737 0.0
1738 0.0
1739 0.0
1740 0.0
1741 0.0
1742 0.0
1743 0.0
1744 0.0
1745 0.0
1746 0.0
1747 0.0
1748 0.0
1749 0.0
1750 0.0
1751 0.0
1752 0.0
1753 0.0
1754 0.0
1755 0.0
1756 0.0
1757 0.0
1758 0.0
1759 0.0
1760 0.0
1761 0.0
1762 0.0
1763 0.0
1764 0.0
1765 0.0
1766 0.0
1767 0.0
1768 0.0
1769 0.0
1770 0.0
1771 0.0
1772 0.0
1773 0.0
1774 0.0
1775 0.0
1776 0.0
1777 0.0
1778 0.0
1779 0.0
1780 0.0
1781 0.0
1782 0.0
1783 0.0
1784 0.0
1785 0.0
1786 0.0
1787 0.0
1788 0.0
1789 0.0
1790 0.0
1791 0.0
1792 0.0
1793 0.0
1794 0.0
1795 0.0
1796 0.0
1797 0.0
1798 0.0
1799 0.0
1800 0.0
1801 0.0
1802 0.0
1803 0.0
1804 0.0
1805 0.0
1806 0.0
1807 0.0
1808 0.0
1809 0.0
1810 0.0
1811 0.0
1812 0.0
1813 0.0
1814 0.0
1815 0.0
1816 0.0
1817 0.0
1818 0.0
1819 0.0
1820 0.0
1821 0.0
1822 0.0
1823 0.0
1824 0.0
1825 0.0
1826 0.0
1827 0.0
1828 0.0
1829 0.0
1830 0.0
1831 0.0
1832 0.0
1833 0.0
1834 0.0
1835 0.0
1836 0.0
1837 0.0
1838 0.0
1839 0.0
1840 0.0
1841 0.0
1842 0.0
1843 0.0
1844 0.0
1845 0.0
1846 0.0
1847 0.0
1848 0.0
1849 0.0
1850 0.0
1851 0.0
1852 0.01685409444417533
1853 0.0
1854 0.0
1855 0.0
1856 0.0
1857 0.0
1858 0.0
1859 0.0
1860 0.0
1861 0.0
1862 0.0
1863 0.0
1864 0.0
1865 0.0
1866 0.01660227586866482
1867 0.0
1868 0.0
1869 0.0
1870 0.0
1871 0.0
1872 0.0
1873 0.0
1874 0.0
1875 0.016443361087411634
1876 0.0
1877 0.016408356603270877
1878 0.0
1879 0.0
1880 0.016356059085601365
1881 0.0
1882 0.0
1883 0.0
1884 0.0
1885 0.016269450505530622
1886 0.0
1887 0.0
1888 0.0
1889 0.016200657980003474
1890 0.0
1891 0.0
1892 0.0
1893 0.0
1894 0.0
1895 0.0
1896 0.0
1897 0.0
1898 0.0
1899 0.0
1900 0.0
1901 0.0
1902 0.0
1903 0.0
1904 0.0
1905 0.0
1906 0.0
1907 0.0
1908 0.0
1909 0.0
1910 0.0
1911 0.0
1912 0.0
1913 0.0
1914 0.0
1915 0.015763957392742143
1916 0.01574751519579786
1917 0.0
1918 0.0
1919 0.015698342656893013
1920 0.0
1921 0.0
1922 0.0
1923 0.015633136735007845
1924 0.015616898733781859
1925 0.046802058056477844
1926 0.0
1927 0.0
1928 0.015552199067511057
1929 0.0
1930 0.0
1931 0.0
1932 0.03097580127781476
1933 0.01547188833639643
1934 0.0
1935 0.0
1936 0.0
1937 0.04622426040887513
1938 0.0
1939 0.015376333927720906
1940 0.015360494285271883
1941 0.04603403731676688
1942 0.045986665014972845
1943 0.015313121933259453
1944 0.030594759680610303
1945 0.01528166200950071
1946 0.06106387356405497
1947 0.03050059787027942
1948 0.04570396077690476
1949 0.015219032313049413
1950 0.04561030514417982
1951 0.015187861748136213
1952 0.030344624728414413
1953 0.015156786847327427
1954 0.06056514059470611
1955 0.06050322887823571
1956 0.04533105903421029
1957 0.015094922475762829
1958 0.015079515564313554
1959 0.04519239668656581
1960 0.06019508968524203
1961 0.07516718046862145
1962 0.030036246396527508
1963 0.09001700212330668
1964 0.02997513502599325
1965 0.04491697388439463
1966 0.04487131495582325
1967 0.02988381707439479
1968 0.04478020571037759
1969 0.074557925185357
1970 0.044689373673494286
1971 0.059525415009288665
1972 0.0891976354434697
1973 0.04455364292825763
1974 0.0
1975 0.10374816435705
1976 0.1480617653607544
1977 0.11832967571572515
1978 0.059105060303852805
1979 0.07380671662377615
1980 0.01474644416514444
1981 0.058926270206195216
1982 0.044150140315503565
1983 0.05880752712259609
1984 0.029374145065507888
1985 0.058689142598765794
1986 0.10260264760515389
1987 0.029285557596266935
1988 0.131652528659597
1989 0.07306680433621678
1990 0.08759211081262529
1991 0.05833612600035725
1992 0.11655519933489321
1993 0.1018835323907009
1994 0.11632162183980332
1995 0.058102548152788945
1996 0.0870665593337985
1997 0.11597256990798685
1998 0.08689242625870774
1999 0.1302083333333334
2000 0.14453135843465173
2001 0.11550960601909659
2002 0.10097001093282512
2003 0.15850884908677518
2004 0.12955972496025117
2005 0.14381176105375398
2006 0.1293016379228092
2007 0.14352542611022642
2008 0.08602954752945305
2009 0.2721558963978708
2010 0.2432657915765371
2011 0.08577318944736709
2012 0.22850131026764348
2013 0.1712058402612805
2014 0.19954194291823374
2015 0.12814973597463683
2016 0.19914641884713344
2017 0.18473844782851642
2018 0.12776918759975714
2019 0.15600776249242093
2020 0.2975383357913062
2021 0.22647170098401423
2022 0.32523129793790573
2023 0.0988856529434808
2024 0.18346345125799488
2025 0.211479677215828
2026 0.16901685276503878
2027 0.29548786850410297
2028 0.12651286103430606
2029 0.14043138724640347
2030 0.2244690133860481
2031 0.32235669216708823
2032 0.22402757983820973
2033 0.2657712295685823
2034 0.30743273986517244
2035 0.23732835877010874
2036 0.32077612729032273
2037 0.3065283047389465
2038 0.2505499471119129
2039 0.23639857177438886
2040 0.2639513292153282
2041 0.24981429804340663
2042 0.33275973541182
2043 0.20777138653046767
2044 0.47048800344153696
2045 0.3179602568391605
2046 0.35908223900756037
2047 0.3863264013219765
2048 0.3997333129305042
2049 0.20655694361821678
2050 0.3989541058780573
2051 0.3848217234862321
2052 0.38444692757616566
2053 0.4938077300741077
2054 0.4933272555415453
2055 0.4791572740888782
2056 0.3829532061030611
2057 0.491890031962621
2058 0.5187130391842952
2059 0.436386994969331
2060 0.3678443099252519
2061 0.5444260924941782
2062 0.353533973022273
2063 0.597708665789761
2064 0.46141856787402025
2065 0.5287619974632963
2066 0.39280165279319423
2067 0.3788900708527032
2068 0.4731548813313716
2069 0.4456865322929878
2070 0.6341528111779321
2071 0.37742858688804654
2072 0.6867961212392374
2073 0.5112370902625228
2074 0.5107444503583278
2075 0.604246407856619
2076 0.523176075555357
2077 0.5360745216662797
2078 0.7230045710084195
2079 0.6554290283256633
2080 0.5746197607944853
2081 0.5206662395216963
2082 0.46681603584764764
2083 0.6395905965241478
2084 0.5324810229088249
2085 0.478773555275901
2086 0.5978935626244626
2087 0.5442258043557572
2088 0.5834881741205439
2089 0.6094267615295068
2090 0.6485512134622979
2091 0.8595007462814902
2092 0.7662064414385822
2093 0.5675071829199375
2094 0.5405950490564958
2095 0.7113240050113634
2096 0.6316851077026902
2097 0.7888538410593559
2098 0.735562214621301
2099 0.6692491811539434
2100 0.6948323444332579
2101 0.8120495461625883
2102 0.7196816110966112
2103 0.7320703505049098
2104 0.7444352291199244
2105 0.9263985718677198
2106 0.9515903971499706
2107 0.6251097692754852
2108 0.6635494269943127
2109 0.7799066108627892
2110 0.7012510992812235
2111 0.9730377679892365
2112 0.6351164300209372
2113 0.919400307428402
2114 0.9314681614867727
2115 0.840114134918149
2116 0.8393206387310848
2117 0.9159308753996499
2118 0.8377370152371099
2119 1.0429645781416879
2120 1.067709279478123
2121 0.8867773532597238
2122 0.9886600801793162
2123 0.8466251636849702
2124 1.1534025374855832
2125 1.1267106868844623
2126 1.0105280506500285
2127 0.9967990543401115
2128 0.8171182548328239
2129 1.0714609339220864
2130 1.095942612880683
2131 1.0312569300465706
2132 1.1447668913926503
2133 0.9912016912084551
2134 1.142623133639374
2135 1.0400820889202693
2136 1.0137647929268225
2137 1.3166616900906056
2138 1.3280792514642998
2139 1.1246534550971625
2140 1.060479342965298
2141 1.2108450254950693
2142 1.1971140420253308
2143 1.2211764882573044
2144 1.0816832883654959
2145 1.231467351273246
2146 1.1424404333868028
2147 1.2291751835964293
2148 1.3408099018708006
2149 1.089177333092964
2150 1.2632718388812076
2151 1.4495383742111958
2152 1.4856454034744457
2153 1.135027166254078
2154 1.2087415390584524
2155 1.4566144386579063
2156 1.2189392099632488
2157 1.2426630390608646
2158 1.353248253081154
2159 1.2899773916577766
2160 1.4250974679427333
2161 1.3742566950101693
2162 1.3482478019177173
2163 1.3593598364646031
2164 1.3827971734835613
2165 1.6528907743251138
2166 1.4665112557119808
2167 1.3420361179319056
2168 1.4146043791530383
2169 1.6345132109960425
2170 1.2278254044376342
2171 1.3248306760409572
2172 1.7157928151507267
2173 1.3836161603452393
2174 1.4802092355269798
2175 1.1610798418376753
2176 1.685072108543449
2177 1.7445223929256182
2178 1.6576037086390734
2179 1.6682604033205843
2180 1.9952107622688517
2181 1.3613343154854787
2182 1.5179546729194633
2183 1.7592153104210502
2184 1.6000269968191472
2185 1.5864531168817204
2186 1.839087039095654
2187 1.5231131639311215
2188 1.5821076641395697
2189 1.7254567175336142
2190 1.7600473940161574
2191 1.9270595919591618
2192 1.8049711203465573
2193 1.6590600350984404
2194 1.861739490228343
2195 2.1000500194953773
2196 1.6545322408885696
2197 2.084251553948964
2198 1.8071023489998308
2199 1.9967669115396398
2200 2.1144111636413996
2201 1.7902467403416515
2202 1.7886218284758724
2203 2.0490923332975908
2204 1.9758190222143008
2205 1.914569436365676
2206 1.9722396406625389
2207 2.0060642034139278
2208 2.146561842267362
2209 2.1446196918648353
2210 1.8467298755140427
2211 2.03429749118398
2212 1.9379264132926772
2213 2.042429769430241
2214 2.1703342484594885
2215 2.380499634837957
2216 2.0604540049660995
2217 2.270337837864291
2218 2.280044836230802
2219 2.031404527650775
2220 2.0999655768949985
2221 2.2856133498138305
2222 2.248425826489295
2223 2.269804360348653
2224 2.2210065133938395
2225 2.1489374024027392
2226 2.228687591249239
2227 2.308293768338766
2228 2.3644610422434704
2229 2.211058008480037
2230 2.6857717484336705
2231 2.1025505993461517
2232 2.4604507517551677
2233 2.168360717145712
2234 2.4676343685997923
2235 2.0950347855223685
2236 2.255064171937884
2237 2.2183870746475725
2238 2.5050004518882303
2239 2.7219003921012868
2240 2.41986893038519
2241 2.509814008284933
2242 2.772137432821518
2243 2.723697691323781
2244 2.3768069933515554
2245 2.237027739077887
2246 2.555965456308871
2247 2.7483680410441735
2248 2.6315109833282344
2249 2.5034293552812086
2250 2.96946779688741
2251 2.727202525822424
2252 2.941396588452771
2253 2.5287238977738147
2254 2.8792786080115067
2255 2.5697241759766927
2256 2.8287364770582752
2257 2.826231507974055
2258 2.3814589221252387
2259 2.764580305891295
2260 2.8640174408437735
2261 2.929347034096164
2262 2.9154584735546836
2263 2.788690839542862
2264 3.113357059821398
2265 2.6147154657253298
2266 2.7813149798506154
2267 2.846365603431166
2268 3.0574275465028093
2269 2.594278087204402
2270 2.7042014167993904
2271 3.038147807193974
2272 2.934666008269197
2273 3.021614843796535
2274 2.828876455250083
2275 3.1391933544485906
2276 2.7569389801244175
2277 2.9775569980153134
2278 2.7186759029339513
2279 3.0613942466627924
2280 3.203304169811512
2281 3.1115946280235507
2282 2.8757041420294116
2283 3.2614550180975894
2284 2.8152539057546995
2285 2.989975115752702
2286 2.666496237504327
2287 2.995804801421062
2288 3.048412674025399
2289 3.0457508861810854
2290 3.0541182808771574
2291 2.6108106841342424
2292 2.938728154591145
2293 2.980154128310611
2294 3.186316261534247
2295 3.106697228101369
2296 3.180770020180667
2297 3.0903332985743184
2298 3.5037111694114653
2299 3.1068402996569366
2300 2.84181873125025
2301 2.751985644133221
2302 3.186040098379892
2303 3.052455516618086
2304 3.278543105195532
2305 3.0798111820393173
2306 2.9901554496702167
2307 2.8680622928946162
2308 2.72447054823284
2309 3.1016896096261193
2310 3.304883921658326
2311 3.16128356718448
2312 2.844858990287124
2313 3.209859343263247
2314 3.1099023957133127
2315 3.1395842427122926
2316 3.0937562312777964
2317 3.338805286238476
2318 3.142227434084214
2319 2.6771927434271383
2320 3.136814467932982
2321 3.0697136415869206
2322 3.2386557327864667
2323 3.1501508040192916
2324 3.2973197500888585
2325 2.920111859563379
2326 2.9924129575297687
2327 3.0539107662001244
2328 3.0299511369766194
2329 3.443078640171976
2330 3.067356134709204
2331 3.0647260331068886
2332 3.157789916347735
2333 2.8363891787232474
2334 2.664134910603097
2335 2.619434469977344
2336 3.0728179772895694
2337 3.0913636764381827
2338 2.633875031685201
2339 3.022668917730648
2340 2.9989676049795975
2341 3.0280593083740026
2342 2.761931962687787
2343 3.0439596408077425
2344 3.093982822207373
2345 3.1334048432677815
2346 3.057194514382971
2347 2.981112851342038
2348 2.8317440226641026
2349 2.934124708683334
2350 3.2352621959006838
2351 2.803602387036953
2352 2.8221245170103235
2353 2.8197272994357316
2354 2.681683761826749
2355 2.7732391737813735
2356 3.031308140490136
2357 3.1120018655458277
2358 2.8597829588542614
2359 2.888531126645176
2360 2.9172295736241387
2361 2.914759961397344
2362 3.036661888863692
2363 2.889119600932584
2364 2.9487559602117854
2365 2.873899502418914
2366 2.664891011361788
2367 3.0238516863569664
2368 2.6397701018938737
2369 2.812692252151742
2370 2.6147301249001993
2371 2.3451020130237206
2372 3.031676109579317
2373 2.864831187438003
2374 2.6469682979378284
2375 2.747250007662779
2376 2.4991235368909948
2377 2.7323971435822374
2378 2.6789750510742723
2379 2.329363117796139
2380 2.55198125306242
2381 2.764025455816888
2382 2.568081001325014
2383 2.5455625226257754
2384 2.7875974458607895
2385 2.2465063829048644
2386 2.701674728919078
2387 2.7805978316838047
2388 2.413242245906294
2389 2.786077248621673
2390 2.2877341165057854
2391 2.933134033632072
2392 2.58708578646467
2393 2.312296128586368
2394 2.229654133629449
2395 2.883026720578736
2396 2.6489633052662334
2397 2.4152892368760344
2398 2.383110125567775
2399 2.652391975308644
2400 2.5598358806218036
2401 2.4674329661292385
2402 2.6758390146747306
2403 2.503383260392517
2404 2.31120293490356
2405 2.379260381214489
2406 2.5570784172142327
2407 2.4551521077152705
2408 2.4132261783686917
2409 2.4510788573046467
2410 2.4888679190019274
2411 2.576329574819025
2412 2.256147428063812
2413 2.2244863680043316
2414 2.302024686277696
2415 2.290205123191479
2416 2.446808126871546
2417 2.147847302244877
2418 2.2449691755882033
2419 2.04548300434852
2420 2.3597423341777835
2421 2.4860423637529467
2422 2.355848370593227
2423 2.6001293748736822
2424 2.283078061588
2425 2.39918918544063
2426 2.289141454797568
2427 2.277439673795752
2428 2.0597785299759415
2429 2.0678839858673568
2430 2.252237473763354
2431 1.9862099746636797
2432 2.4147323327201877
2433 2.1001657614143436
2434 2.0789207508382455
2435 1.9796924729874932
2436 2.25090509069092
2437 2.249058951674298
2438 2.3444971211894567
2439 1.9634867667990494
2440 1.9618783402707538
2441 2.047610735844425
2442 2.075023890467584
2443 2.2477181041794347
2444 2.2652408892011446
2445 1.828121939201554
2446 2.2325454194607017
2447 2.1438105773657816
2448 2.1999536888906834
2449 2.227081308713963
2450 2.109666245205059
2451 2.0116925902960685
2452 2.0389051665844624
2453 1.9507570404132355
2454 2.1316026102799026
2455 2.024333173983967
2456 1.830961937385008
2457 1.8103156627766337
2458 1.808843562278216
2459 2.18988611521165
2460 1.8632350523051484
2461 1.87126905611808
2462 1.9746848018422012
2463 2.0398048883235584
2464 1.742904151471972
2465 2.093595606079089
2466 1.8922174328544505
2467 2.0712019425207893
2468 1.9840854308955411
2469 2.0014503021108614
2470 2.085131512838524
2471 2.083444854454271
2472 1.8925093106764672
2473 2.004438483350291
2474 2.0122663220306327
2475 1.8218486291469984
2476 2.0278821320263725
2477 1.7058161925081219
2478 1.9210265879300705
2479 1.957114502639998
2480 1.9085290343141843
2481 1.7848688429976047
2482 1.9242286818875696
2483 2.138394978173426
2484 1.958618092038333
2485 1.882131965465893
2486 1.8151245102359947
2487 1.9538975841931001
2488 1.8775976198761009
2489 1.8294209113712034
2490 1.9678466966262254
2491 1.8917172488375629
2492 2.02055854593751
2493 1.8235573865798527
2494 1.8127995023670154
2495 1.8670809905535477
2496 1.67995539974955
2497 1.910462925391763
2498 1.7792008537886734
2499 1.88888888888889
2500 2.063163953545747
2501 1.6640031965900777
2502 1.828941240680315
2503 1.753643111974575
2504 1.807577275404098
2505 1.7877050150432032
2506 2.0164697381215513
2507 1.7940552309518993
2508 2.169536405871095
2509 1.7728260633135169
2510 1.9366239201671396
2511 1.9625953479443996
2512 1.997688540202289
2513 1.9960996052560314
2514 1.747485779674359
2515 2.0752042372495016
2516 2.082690220516294
2517 2.0810363073629126
2518 2.006423508683192
2519 1.9957185549116778
2520 1.7573889021204803
2521 1.8560781782574347
2522 1.8000598745733998
2523 1.9348939387723962
2524 1.670134010100681
2525 1.8774134067717392
2526 1.8759278175861636
2527 1.5937301566107056
2528 2.053924429027251
2529 1.790112848713984
2530 2.1500518264391797
2531 1.9046330427320435
2532 1.9301881970869272
2533 1.7934782621234728
2534 1.8280849464787166
2535 1.98861191458951
2536 1.834194956124418
2537 1.8237657868616404
2538 2.1006162341930903
2539 1.8208948454933955
2540 1.891164848960039
2541 1.8717655747575144
2542 2.0940131224135086
2543 1.9940080669204083
2544 1.8048123659882156
2545 1.821250276230102
2546 1.7484549353339163
2547 2.0858029239953453
2548 1.6566453092380928
2549 2.1003317812237468
2550 1.6896196263984804
2551 2.0259548790248187
2552 1.9799740361511975
2553 2.0405268418580267
2554 1.9946053106924897
2555 1.9753289373728942
2556 1.9826352534085152
2557 1.9280206237557236
2558 1.6967463311126834
2559 2.0839549877025476
2560 2.029387312737528
2561 1.9396380354989378
2562 2.25527245064101
2563 2.147880160309551
2564 2.1550016515228996
2565 1.7490250684658775
2566 1.9408715686226745
2567 1.8954833512873526
2568 2.174601754798675
2569 2.076530723822887
2570 2.0486509337334935
2571 2.090798762138517
2572 2.1328804611327286
2573 2.08755091989142
2574 2.0510188763558554
2575 2.119194499633503
2576 1.9432661593871279
2577 1.845977047313655
2578 2.2969815373969737
2579 2.1300163362689664
2580 2.180489372230168
2581 2.118037340434429
2582 1.8995536513139109
2583 1.984754181306076
2584 1.9745585406723736
2585 2.0076463134418736
2586 1.7985674913530278
2587 1.788537553341345
2588 1.8389578049463653
2589 2.035957634413234
2590 1.896461876313756
2591 2.0586578299025677
2592 2.0226423236901634
2593 1.7200707632158194
2594 2.191400305826672
2595 1.949273338927567
2596 1.8791284916307889
2597 1.9119777386336445
2598 2.0647180071269706
2599 2.1230550076703936
2600 2.0957604571897788
2601 1.957389073800444
2602 1.9558854141103512
2603 2.2274851089701704
2604 1.7226306733050383
2605 2.189982086498716
2606 2.120183969926388
2607 2.2631989052265045
2608 2.0574224273392816
2609 2.115312784930085
2610 2.04578297827831
2611 2.1799324687660784
2612 2.017225267601783
2613 2.0156821616971756
2614 2.2849496762683312
2615 2.004144949244619
2616 2.0871120708622466
2617 2.02641419555993
2618 2.252664558958289
2619 2.040182627706666
2620 2.3250446744192645
2621 2.129665562895856
2622 1.993462299584468
2623 2.328136123952069
2624 2.1583942218862866
2625 2.3665513191426952
2626 2.1718802714636887
2627 2.111572906072605
2628 2.1350854948115003
2629 2.3342586033242263
2630 2.382645470909383
2631 2.1135134364092214
2632 2.2955525412797058
2633 2.560725911738805
2634 2.042025246299918
2635 2.465228393256561
2636 2.2553050540462847
2637 2.2535955183456777
2638 2.3100547724556306
2639 2.175452972485802
2640 2.580357311498963
2641 2.412590560591096
2642 2.4439029272505275
2643 2.2599353073998385
2644 2.3574895109087755
2645 2.5127551152658447
2646 2.4860787124672568
2647 2.4594418820295285
2648 2.4575853492539803
2649 2.373323840037975
2650 2.7750237684326615
2651 2.484941478449894
2652 2.36795938779157
2653 2.259368755334806
2654 2.3233446916154823
2655 2.5841080814220754
2656 2.565768627579917
2657 2.5884119207170833
2658 2.390024971871437
2659 2.682667403680464
2660 2.459988111925199
2661 2.4009741816523533
2662 2.8479958749973764
2663 2.3729075046017
2664 2.428164465413357
2665 2.711316426255853
2666 2.514019893245129
2667 2.495875895968392
2668 2.575243955573262
2669 2.2323713128044806
2670 2.6119469834645717
2671 2.496514373116709
2672 2.6890348333710485
2673 2.5737157247884963
2674 2.474743063440768
2675 2.3274294826105653
2676 2.664854240186605
2677 2.695141573959995
2678 2.668940109523215
2679 2.7555784510284416
2680 2.63275463821225
2681 2.5905655538899746
2682 2.556477863309618
2683 2.458174251863633
2684 2.424234484546101
2685 2.486600055611544
2686 2.693147913023512
2687 2.4668824175117594
2688 2.6011058054059037
2689 2.399235929728876
2690 2.5652748227729796
2691 2.6831529395948994
2692 2.585404886125671
2693 2.3602216520130854
2694 2.493923114119246
2695 2.54780663607016
2696 2.625477548588674
2697 2.4883800379720005
2698 2.6295321586717795
2699 2.4608799471625273
2700 2.2686793948579296
2701 2.4096787960055637
2702 2.5108654033038773
2703 2.6435611092956353
2704 2.5150628537934185
2705 2.5369137932907706
2706 2.298120195677857
2707 2.454253001826362
2708 2.2158714998068567
2709 2.4427519797953217
2710 2.2834695495675725
2711 2.3683363845437153
2712 2.295828938487752
2713 2.254854233852839
2714 2.0961765363136924
2715 2.0710980392440406
2716 2.2969133152578527
2717 2.428393439373574
2718 2.129152411427674
2719 2.0728330650070497
2720 2.196369975270145
2721 2.093219703720261
2722 2.2321686909833027
2723 2.3085206644195013
2724 2.2678599818571215
2725 2.383010661354203
2726 2.412390890268138
2727 2.122903127863634
2728 2.3156102036082435
2729 2.220736347720476
2730 2.1880738200315664
2731 1.9073481785089141
2732 2.3398280414443544
2733 2.3148903777916963
2734 2.1584689408852467
2735 2.1414298139535193
2736 2.0857892806850318
2737 2.2463755485491625
2738 2.0750304653350216
2739 2.0118502140053645
2740 2.010382513733936
2741 2.039704410063964
2742 2.0228347007585166
2743 2.0674752905928915
2744 2.304054878532072
2745 2.026091818885841
2746 2.0782999821985872
2747 1.9771631658482287
2748 1.9986985136916982
2749 1.9054178145087248
2750 1.9652065565510886
2751 2.001984423199228
2752 1.8936317204336157
2753 2.3042804381785027
2754 1.7078946331485036
2755 2.1561763139316072
2756 1.9642756618929258
2757 1.8715560811834513
2758 1.9842361985725947
2759 1.7017122142095895
2760 1.8219425992174199
2761 1.828209477235963
2762 1.955753868633975
2763 1.7876899038138971
2764 1.8620918430930575
2765 1.785105603604064
2766 1.7611399329748791
2767 1.7145491822931564
2768 1.796334899080421
2769 1.6366524222093835
2770 1.8691101294978838
2771 1.7999801299063773
2772 1.7384752116229178
2773 1.6018540803091348
2774 1.818635452269087
2775 1.6521140292515364
2776 1.9135714499879926
2777 1.7172252329724842
2778 1.888337897068364
2779 1.482626848161759
2780 1.7434528434131362
2781 1.7421996877710184
2782 1.5466790203013387
2783 1.5903671752286381
2784 1.5071526180345236
2785 1.6700983848278115
2786 1.527341616694911
2787 1.384789198132509
2788 1.257320330252062
2789 1.5612309422769215
2790 1.4709631027680516
2791 1.4402144496776323
2792 1.4985310976811397
2793 1.5715902261311723
2794 1.6075051437201466
2795 1.347265893772144
2796 1.4054808417326417
2797 1.5744919516300184
2798 1.4773400128579173
2799 1.2843679138322002
2800 1.2834509994128493
2801 1.3857275431423812
2802 1.2668888480938902
2803 1.3469495607683164
2804 1.301858542080835
2805 1.2274318817699799
2806 1.3220380097984812
2807 1.321096554952206
2808 1.3568271083243877
2809 1.3998354555718324
2810 1.164479091186451
2811 1.185606696761897
2812 1.2140173279437196
2813 1.4031668127924593
2814 1.321837408331672
2815 1.1603475383271642
2816 1.18869427837029
2817 1.1295513591536177
2818 1.0413630110384555
2819 1.2298290569630046
2820 1.1344221244622619
2821 1.097284363107066
2822 0.9222278358738912
2823 0.9941397617674016
2824 1.1312118759843726
2825 1.2463510782376805
2826 1.1730584693632795
2827 1.0058014372192259
2828 1.2798634397684092
2829 1.0766378884971957
2830 0.9964502249232511
2831 1.0534710843580029
2832 1.1897262859118927
2833 1.0952169537629197
2834 1.0728435728980077
2835 1.1296488414307675
2836 1.056951172866189
2837 1.0346512141093984
2838 1.0913625947817978
2839 0.9973196639408706
2840 1.06114690032658
2841 1.0245759375630457
2842 0.9665766755428825
2843 0.9658970646125488
2844 1.036715812429997
2845 0.8716583624889057
2846 1.028120028654117
2847 0.8347610058178686
2848 1.0052879480748915
2849 1.0117073059516895
2850 1.0038780072272113
2851 0.9676005974954184
2852 0.9242640706879351
2853 0.9804544244951473
2854 0.8164730929659271
2855 0.8797545888362612
2856 0.9145879842897372
2857 0.970627027168008
2858 0.9487084078700967
2859 0.9692699815077442
2860 0.8766822860002595
2861 1.003241173236598
2862 0.9954803194066133
2863 0.9171779112294784
2864 0.8319342736954344
2865 1.0568057042861638
2866 0.8589358046496881
2867 0.9005502217767026
2868 1.0124128702297692
2869 0.8922697904596438
2870 0.9337734421842784
2871 0.9962669769730165
2872 0.8904073388042567
2873 0.9038002238505496
2874 0.9311769236154874
2875 0.9235330238752165
2876 0.894924726605978
2877 0.7615548365002304
2878 0.9076455534928045
2879 0.8511990240626434
2880 0.906385809642506
2881 0.8987895600510891
2882 0.9886790269213149
2883 0.8279663967052039
2884 0.9247328120120822
2885 1.0213649333538461
2886 0.9095655222740453
2887 0.9366895013083084
2888 0.9221738846683782
2889 0.9007492903758517
2890 1.0663034131542484
2891 0.9202616531772755
2892 0.8781386967095494
2893 0.8360737315121411
2894 0.9114504358224552
2895 0.814218852983505
2896 0.9722509677529629
2897 0.9784707418924593
2898 0.9227087297923542
2899 0.8807856608094426
2900 0.8526729572058478
2901 0.9276736355687116
2902 0.9270346318779598
2903 0.912671898746488
2904 0.9326160747681606
2905 0.7880665287748154
2906 0.8423087452283912
2907 0.9922827914484953
2908 0.9300530637508225
2909 0.8132372166216836
2910 1.0380432265413262
2911 1.0373304071793088
2912 1.0025190348984787
2913 0.9268641305116821
2914 0.946659819115239
2915 0.8371173323515169
2916 0.8773504716982184
2917 0.9311212836423993
2918 0.9440671196980441
2919 0.8416126297060811
2920 0.8206888219419516
2921 0.8065713659029448
2922 0.8669790452855368
2923 1.0356021802988373
2924 0.8387377808080567
2925 0.8854803212107962
2926 0.7767989991504466
2927 0.9180218656651221
2928 0.7487563133351519
2929 0.8223957396341471
2930 0.8285710143205659
2931 0.6866390547938098
2932 0.9418032213527802
2933 0.7865419754170643
2934 0.9270841092624252
2935 0.8190378837063055
2936 0.838606804209046
2937 0.8916703382567228
2938 0.7503693950616702
2939 0.9239334433697898
2940 0.7761116491224117
2941 0.7755841305995873
2942 0.7282864596515323
2943 0.8012386611268645
2944 0.673917970651233
2945 0.7868152778185326
2946 0.6996571702254929
2947 0.7125003486057784
2948 0.6255104511308289
2949 0.7580835647483167
2950 0.8705408166801829
2951 0.8101834851280365
2952 0.7764531025957448
2953 0.7361363418857959
2954 0.7091287106518399
2955 0.7748778811533223
2956 0.8273011457878905
2957 0.7275328501135282
2958 0.7865263791673175
2959 0.6671050273246223
2960 0.7524615250105732
2961 0.6266279451017398
2962 0.6591632083167982
2963 0.7509390943938856
2964 0.6977707042260052
2965 0.6907219661546178
2966 0.6245177329441051
2967 0.5978192026385337
2968 0.715586872179057
2969 0.7282262706879247
2970 0.7474046742455456
2971 0.6682805531956607
2972 0.6481889722681473
2973 0.78515532332043
2974 0.6080863718036237
2975 0.6207461196274032
2976 0.639918503656947
2977 0.6721157920731605
2978 0.6912276794965748
2979 0.6125641654446667
2980 0.605640986726113
2981 0.7353928907507031
2982 0.46175127558750884
2983 0.4939377470894986
2984 0.5260809912207608
2985 0.5516905955725384
2986 0.421598612856815
2987 0.576879468225755
2988 0.64774554061189
2989 0.5696348578419252
2990 0.4528156995142262
2991 0.5753380408096911
2992 0.5749536492782039
2993 0.5422904494260302
2994 0.5225737943874185
2995 0.6382750060457413
2996 0.6378491344939278
2997 0.3734401410459412
2998 0.5147463992531947
2999 0.4822530864197534
3000 0.5397635544467644
3001 0.5522469643657342
3002 0.5582964290923003
3003 0.4104274309468984
3004 0.42938029682252454
3005 0.5315650292607006
3006 0.5440118143002193
3007 0.5116707430042087
3008 0.4410227338981789
3009 0.47266668220079355
3010 0.5170347936013652
3011 0.4465235478984822
3012 0.4207285020189034
3013 0.5160060394998085
3014 0.4265367265183004
3015 0.40080592865167114
3016 0.45140253141778935
3017 0.5336998454502841
3018 0.4381059248756504
3019 0.44416099358865047
3020 0.5009356066904133
3021 0.41188947870853937
3022 0.4496124372200711
3023 0.4113448315235257
3024 0.3668035223256863
3025 0.4171212833613908
3026 0.3284239072506958
3027 0.38501207931090914
3028 0.5676755960493851
3029 0.44123407573614004
3030 0.4850372738622185
3031 0.3084565153042296
3032 0.3900345961391356
3033 0.4400714041050394
3034 0.39580330882519266
3035 0.46460560748048124
3036 0.4705740145252544
3037 0.31350951568897545
3038 0.4386245157069025
3039 0.4821695938493898
3040 0.4067586321450833
3041 0.3564615556557432
3042 0.3749761170211549
3043 0.393466276189835
3044 0.33703532939136827
3045 0.368000556562545
3046 0.37399225095236704
3047 0.305226626399755
3048 0.3423766219174896
3049 0.39191973483830533
3050 0.43518096069709383
3051 0.3665550565913693
3052 0.26076658748779824
3053 0.4157124192835892
3054 0.37203610000211335
3055 0.365596116370064
3056 0.36535696928480493
3057 0.3960602649735061
3058 0.3958013597573648
3059 0.4202641275989136
3060 0.3458737715606198
3061 0.3641647463259685
3062 0.22822540808903813
3063 0.41300331982276456
3064 0.32649096967867297
3065 0.32627802921821597
3066 0.3506739986737999
3067 0.31355644174131364
3068 0.27034302030769203
3069 0.2885874022437807
3070 0.33135260465944344
3071 0.2759474295156975
3072 0.34930596097108474
3073 0.3490787331605597
3074 0.31213049257863873
3075 0.293578898694894
3076 0.2933881081890009
3077 0.3054140662589143
3078 0.3662588558900796
3079 0.29891720232629343
3080 0.33530154511204846
3081 0.3594537384023216
3082 0.28615877654198896
3083 0.249466009366908
3084 0.2857878643625016
3085 0.303832636857537
3086 0.3279266879750807
3087 0.3155767666643799
3088 0.3032427661598247
3089 0.357594898655424
3090 0.2846794444717932
3091 0.3208138882829987
3092 0.2661638674415982
3093 0.3264445353498171
3094 0.2718613498416246
3095 0.24149845082414584
3096 0.29564458654074177
3097 0.241186739400252
3098 0.22295377670817054
3099 0.2288318495394459
3100 0.26479233288658355
3101 0.26462163678601497
3102 0.37263564892529805
3103 0.2642807393827031
3104 0.2461030009968013
3105 0.2819364434960862
3106 0.2457862661505941
3107 0.2935555675795918
3108 0.2813926022270923
3109 0.23334585503090804
3110 0.29298967746039317
3111 0.3047524890060792
3112 0.2567831227765235
3113 0.2983932878304292
3114 0.2683815604262158
3115 0.2801297423261827
3116 0.2978191787034888
3117 0.2976281771507903
3118 0.2795911177258897
3119 0.2853568558696765
3120 0.2732917717670776
3121 0.24936744456541773
3122 0.20173962556966013
3123 0.26090769494856
3124 0.2074074074074075
3125 0.290184622497067
3126 0.31367244486441437
3127 0.27798453202648316
3128 0.319182370183934
3129 0.23628033508710058
3130 0.2420326652989976
3131 0.3362696026913622
3132 0.2653065583747273
3133 0.3004889137040413
3134 0.34740269497817294
3135 0.2589147726834499
3136 0.32931783489082433
3137 0.23507712718809992
3138 0.229054188374097
3139 0.35803608590537084
3140 0.24635970731408144
3141 0.2168930442913737
3142 0.2460462726036807
3143 0.21661718671127939
3144 0.2866890082825743
3145 0.30404801253786995
3146 0.2162043860681197
3147 0.28614284741286594
3148 0.24510954906577193
3149 0.27994736989446
3150 0.314740923904105
3151 0.2854170573501948
3152 0.30852061610478265
3153 0.24433302635052678
3154 0.24417816466761505
3155 0.26145369660889634
3156 0.18580486298372229
3157 0.31914989068148364
3158 0.2609573441880901
3159 0.3071552665467905
3160 0.30696095671989715
3161 0.2836146175416553
3162 0.2602977366308002
3163 0.31215987060498895
3164 0.3177397303515067
3165 0.3175390420695382
3166 0.27118021021044286
3167 0.2018152407681379
3168 0.18440035881801994
3169 0.2764260543718994
3170 0.20143355718306144
3171 0.27607758159925705
3172 0.270155600760336
3173 0.24700791659131907
3174 0.23537084111205273
3175 0.29259402311345745
3176 0.2924098569350994
3177 0.30368570240708825
3178 0.2920420458306958
3179 0.25752211805967606
3180 0.20016906842280038
3181 0.2171898412379024
3182 0.21134146261262338
3183 0.23975045172821127
3184 0.24530468576218759
3185 0.239449541244234
3186 0.2962753218267438
3187 0.25053725390937254
3188 0.23899923661185563
3189 0.2161018537626473
3190 0.28984968289053425
3191 0.21583113427307257
3192 0.25542943253928063
3193 0.17017967619224134
3194 0.22109511334900195
3195 0.23795345280195723
3196 0.1868464837002847
3197 0.16975422716815974
3198 0.23185242273811402
3199 0.24866174768518534
3200 0.23156278825952512
3201 0.18061906302430564
3202 0.21435123059429584
3203 0.20858014791354992
3204 0.23098514510869927
3205 0.21958053194517588
3206 0.24195065245254718
3207 0.2530463378129906
3208 0.2079306694102978
3209 0.230266125637871
3210 0.15715698269470293
3211 0.20754243734420824
3212 0.29149972835992405
3213 0.2465001531778844
3214 0.13437099994329552
3215 0.2909561392411448
3216 0.2739997837633969
3217 0.20676922806646048
3218 0.24573498165996743
3219 0.18976819881491777
3220 0.2510078628353599
3221 0.18953268137087798
3222 0.26183850266091935
3223 0.2616760970188891
3224 0.17248785351663792
3225 0.17238093403771457
3226 0.23340363824363064
3227 0.17216739310554435
3228 0.2608663308416946
3229 0.29953320744951084
3230 0.26054347650276766
3231 0.19390169343873342
3232 0.23253811251827775
3233 0.27665991237567067
3234 0.19354222799442575
3235 0.25973895798802876
3236 0.2430096609719024
3237 0.2814963377763604
3238 0.25925803423746696
3239 0.3087125381745106
3240 0.29750341795726837
3241 0.25877844494428737
3242 0.24211128961140121
3243 0.2254646332929527
3244 0.23082144207212776
3245 0.285602874731957
3246 0.23602615969747603
3247 0.19748163831525486
3248 0.32893348742788336
3249 0.23559062020600496
3250 0.25187215301020777
3251 0.28454996180411457
3252 0.20234378025039526
3253 0.30059645472230223
3254 0.20755723314235458
3255 0.22926447220059026
3256 0.25640034349458685
3257 0.2780508826258799
3258 0.3160207027402845
3259 0.3158268547443904
3260 0.22312001012450267
3261 0.28280800102505643
3262 0.15762318985833149
3263 0.3259171485860141
3264 0.24971677774503248
3265 0.2604144856953491
3266 0.28194301299807967
3267 0.21674653204161567
3268 0.25452138547513126
3269 0.21648147974962978
3270 0.27584514825483786
3271 0.2540548731818961
3272 0.25930177437818647
3273 0.23754811480917737
3274 0.18344782635907872
3275 0.19412031011542621
3276 0.269447019150825
3277 0.27466829996200104
3278 0.2798831622658167
3279 0.2528170924493799
3280 0.24728719751395647
3281 0.21490132824424996
3282 0.3006786027412413
3283 0.24683560023027518
3284 0.17160719490621804
3285 0.2626136063459756
3286 0.2410290380369893
3287 0.20876478912890914
3288 0.23538630489335752
3289 0.24593610896398208
3290 0.28318899149828447
3291 0.2349574852376299
3292 0.218804705338961
3293 0.24533917688072984
3294 0.21320894211948632
3295 0.3036384120270003
3296 0.28215921419998746
3297 0.18621857697931896
3298 0.2605479801900297
3299 0.23913376186103472
3300 0.26023235577297454
3301 0.24945946232019586
3302 0.25461286973747926
3303 0.2332538716274918
3304 0.2278147240279984
3305 0.20649767699898203
3306 0.2539973054543454
3307 0.3014394687817662
3308 0.2959720867811673
3309 0.3486135070366687
3310 0.2744993017024935
3311 0.2585066297627415
3312 0.2425332138818029
3313 0.20023262934137567
3314 0.310699967636649
3315 0.27893504877015773
3316 0.24720837325148962
3317 0.33116470786715957
3318 0.28893785643773245
3319 0.22051055628135044
3320 0.2256248685561988
3321 0.3303676811816409
3322 0.2830018920827302
3323 0.21998016427545475
3324 0.26695812212234865
3325 0.23017833728757967
3326 0.31369089296915936
3327 0.21945168359118192
3328 0.29242648131733845
3329 0.2870321105222675
3330 0.2972910618139194
3331 0.23977511506136415
3332 0.23963125718845857
3333 0.29675628561550255
3334 0.2913752186042579
3335 0.24960047948851163
3336 0.29102605719929914
3337 0.29604549237219296
3338 0.23877082248919324
3339 0.32162886469243834
3340 0.23848504056088882
3341 0.2383423419609051
3342 0.3262301216988235
3343 0.20700637280214226
3344 0.2637753413625308
3345 0.22743487743850394
3346 0.20146956288102366
3347 0.2633028374871792
3348 0.25798590029535295
3349 0.2217354355915284
3350 0.3246743319790371
3351 0.2575243183386508
3352 0.24707590362501972
3353 0.3189494332778069
3354 0.28791165093723076
3355 0.24149615221447157
3356 0.32351478171943765
3357 0.26173696027202964
3358 0.2718392252501494
3359 0.33831530297304124
3360 0.27663873928511784
3361 0.28159408831553445
3362 0.3018940397325404
3363 0.24546271016909998
3364 0.35775372527932
3365 0.37286438155956114
3366 0.2705489785976868
3367 0.24998167644515004
3368 0.29572104584961245
3369 0.3261192494169805
3370 0.28518506882967726
3371 0.2188515291942583
3372 0.3001066307547232
3373 0.24400984144396684
3374 0.2946705278666871
3375 0.238643298896817
3376 0.24865100597758494
3377 0.26878983518101063
3378 0.3750693691812004
3379 0.31912689798443117
3380 0.27843806682194155
3381 0.20744019502010913
3382 0.30844810135011924
3383 0.28805167754311006
3384 0.3181848264747232
3385 0.32304448285055715
3386 0.26231867633137146
3387 0.29745513471498247
3388 0.29727961907654593
3389 0.28199726253171675
3390 0.3120271409855416
3391 0.28166481662777065
3392 0.24631146232640422
3393 0.26123774695294555
3394 0.271125561501038
3395 0.2709659115345291
3396 0.3259706697232182
3397 0.27064703434939585
3398 0.2554607064214403
3399 0.3704504677688071
3400 0.35522321999801837
3401 0.2950119817346311
3402 0.28984135892622476
3403 0.25970511460727586
3404 0.25955259362121963
3405 0.31427332765788046
3406 0.2991322551381614
3407 0.23916538703617998
3408 0.31372043523715976
3409 0.378234462048671
3410 0.2536664313310671
3411 0.3032271275328331
3412 0.2633052720578495
3413 0.3475579830943477
3414 0.2927701919532382
3415 0.31243601310451635
3416 0.27755837184995014
3417 0.35169848198898634
3418 0.28713494728172284
3419 0.2770716409100871
3420 0.32141302345855105
3421 0.31628327377529536
3422 0.32597658007865765
3423 0.33565851012380205
3424 0.29599635332492724
3425 0.30568437055487613
3426 0.3055059989347169
3427 0.3299509917311155
3428 0.29530618427187183
3429 0.21643161406355327
3430 0.3392063052890351
3431 0.3734008444575657
3432 0.274977197869409
3433 0.3386138915374975
3434 0.29427544794020155
3435 0.36272849275555696
3436 0.24494422346478012
3437 0.33782641763762344
3438 0.35230954265909115
3439 0.317872335897282
3440 0.3176876069539807
3441 0.32727236327125736
3442 0.3319641071471662
3443 0.32201337582205
3444 0.2730648731141654
3445 0.35087967499447315
3446 0.2824890958507651
3447 0.3602080939526638
3448 0.33567497392990553
3449 0.3208943032509512
3450 0.349863663728064
3451 0.36908660169698176
3452 0.2718010512724169
3453 0.43171943700823745
3454 0.33451011081534615
3455 0.34400689155537156
3456 0.38254681815988656
3457 0.42104211307584133
3458 0.28536923398558256
3459 0.3480459309254126
3460 0.30436423105434596
3461 0.4345548928628206
3462 0.2847103730590556
3463 0.35206540759033195
3464 0.29402185887675725
3465 0.4480042084232026
3466 0.298497204385339
3467 0.3897472891049359
3468 0.4135672246114022
3469 0.42774734139167053
3470 0.38427047880442916
3471 0.4224540723908944
3472 0.36463662449621864
