0.0 1.0
0.005 1.0
0.01 1.0
0.015 1.0
0.02 1.0
0.025 1.0
0.03 1.0
0.035 1.0
0.04 1.0
0.045 1.0
0.05 1.0
0.055 1.0
0.06 1.0
0.065 1.0
0.07 1.0
0.075 1.0
0.08 1.0
0.085 1.0
0.09 1.0
0.095 1.0
0.1 1.0
0.105 1.0
0.11 1.0
0.115 1.0
0.12 1.0
0.125 1.0
0.13 1.0
0.135 1.0
0.14 1.0
0.145 1.0
0.15 1.0
0.155 1.0
0.16 1.0
0.165 1.0
0.17 1.0
0.17500000000000002 1.0
0.18 1.0
0.185 1.0
0.19 1.0
0.195 1.0
0.2 1.0
0.20500000000000002 1.0
0.21 1.0
0.215 1.0
0.22 1.0
0.225 1.0
0.23 1.0
0.23500000000000001 1.0
0.24 1.0
0.245 1.0
0.25 1.0
0.255 1.0
0.26 1.0
0.265 1.0
0.27 1.0
0.275 1.0
0.28 1.0
0.28500000000000003 1.0
0.29 1.0
0.295 1.0
0.3 1.0
0.305 1.0
0.31 1.0
0.315 1.0
0.32 1.0
0.325 1.0
0.33 1.0
0.335 1.0
0.34 1.0
0.34500000000000003 1.0
0.35000000000000003 1.0
0.355 1.0
0.36 1.0
0.365 1.0
0.37 1.0
0.375 1.0
0.38 1.0
0.385 1.0
0.39 1.0
0.395 1.0
0.4 1.0
0.405 1.0
0.41000000000000003 1.0
0.41500000000000004 1.0
0.42 1.0
0.425 1.0
0.43 1.0
0.435 1.0
0.44 1.0
0.445 1.0
0.45 1.0
0.455 1.0
0.46 1.0
0.465 1.0
0.47000000000000003 1.0
0.47500000000000003 1.0
0.48 1.0
0.485 1.0
0.49 1.0
0.495 1.0
0.5 0.6999659914356677
0.505 0.7435900052834922
0.51 0.7895574987091726
0.515 0.8378536262376487
0.52 0.8884122787562092
0.525 0.941111798495968
0.53 0.9957719699966459
0.535 1.0521524489750498
0.54 1.109952756593877
0.545 1.168813925689521
0.55 1.2283218392166608
0.555 1.288012250939973
0.56 1.3473774259179925
0.5650000000000001 1.405874285417128
0.5700000000000001 1.462933889494554
0.5750000000000001 1.5179720425413545
0.58 1.5704007644585651
0.585 1.6196403345800818
0.59 1.6651315884656888
0.595 1.70634813048967
0.6 1.742808118621439
0.605 1.7740852824346272
0.61 1.799818851273007
0.615 1.8197220963150214
0.62 1.833589227265923
0.625 1.8413004304420217
0.63 1.8428248886083527
0.635 1.8382216823237034
0.64 1.8276385357358613
0.645 1.8113084345979518
0.65 1.7895442085320923
0.655 1.7627312310310148
0.66 1.7313184472528498
0.665 1.6958079893938418
0.67 1.6567436806223141
0.675 1.614698759852602
0.68 1.5702631800021587
0.685 1.5240308411885348
0.6900000000000001 1.4765871173769667
0.6950000000000001 1.4284970204895864
0.7000000000000001 1.38029432055949
0.705 1.332471905150815
0.71 1.2854736173129562
0.715 1.2396877604143466
0.72 1.1954424021576588
0.725 1.153002550909131
0.73 1.1125692172531458
0.735 1.0742803144790365
0.74 1.0382132955118786
0.745 1.0043893724572404
0.75 0.9727791200708422
0.755 0.9433092274509774
0.76 0.9158701341354449
0.765 0.8903242682754573
0.77 0.8665145960069125
0.775 0.8442731925332924
0.78 0.8234295564110975
0.785 0.8038184083967803
0.79 0.7852867439896338
0.795 0.767699943255038
0.8 0.7509467812097833
0.805 0.7349432254319309
0.81 0.7196349529828376
0.8150000000000001 0.7049985645492511
0.8200000000000001 0.6910415183256902
0.8250000000000001 0.6778008480678084
0.8300000000000001 0.6653407676160721
0.835 0.6537492968767836
0.84 0.6431340708497824
0.845 0.6336175131582178
0.85 0.62533156829052
0.855 0.6184121922995367
0.86 0.6129938001768813
0.865 0.6092038599387222
0.87 0.6071578092417631
0.875 0.6069544509077722
0.88 0.6086719600260235
0.885 0.6123646083846018
0.89 0.6180602829721679
0.895 0.625758845321785
0.9 0.6354313486418062
0.905 0.6470201010253009
0.91 0.6604395364817097
0.915 0.6755778318825789
0.92 0.692299187803204
0.925 0.7104466751384579
0.93 0.7298455375701275
0.935 0.750306832578709
0.9400000000000001 0.7716312906693009
0.9450000000000001 0.7936132736109125
0.9500000000000001 0.816044717418128
0.9550000000000001 0.8387189540758913
0.96 0.8614343170669784
0.965 0.8839974489999323
0.97 0.9062262444097123
0.975 0.9279523764693256
0.98 0.9490233722855577
0.985 0.9693042170786588
0.99 0.9886784823535282
0.995 1.0070489867255752
1.0 1.0243380100288744
1.0050000000000001 1.0404870914618942
1.01 1.0554564506704385
1.0150000000000001 1.0692240767753438
1.02 1.0817845344571109
1.025 1.0931475384207712
1.03 1.1033363480534382
1.035 1.1123860330741002
1.04 1.1203416587120918
1.045 1.127256435704145
1.05 1.133189876439826
1.055 1.1382059941657163
1.06 1.1423715775126548
1.065 1.1457545679352732
1.07 1.148422563106521
1.075 1.1504414650087051
1.08 1.15187428747635
1.085 1.1527801343067756
1.09 1.15321335575418
1.095 1.1532228882258562
1.1 1.1528517792468842
1.105 1.1521368971795076
1.11 1.1511088227012094
1.115 1.1497919165900414
1.12 1.1482045558808534
1.125 1.1463595279043493
1.1300000000000001 1.1442645690914401
1.135 1.1419230327340377
1.1400000000000001 1.139334667187109
1.145 1.1364964833479665
1.1500000000000001 1.1334036877572804
1.155 1.1300506554475658
1.16 1.126431914850461
1.165 1.1225431157963535
1.17 1.118381951028879
1.175 1.113949001827499
1.18 1.1092484793776671
1.185 1.104288835512316
1.19 1.0990832193973987
1.195 1.0936497606330078
1.2 1.088011664029422
1.205 1.0821971068905978
1.21 1.0762389358476019
1.215 1.0701741669428448
1.22 1.0640432995537308
1.225 1.0578894616137893
1.23 1.0517574101810552
1.235 1.0456924174507833
1.24 1.0397390775549689
1.245 1.0339400736948101
1.25 1.0283349481048503
1.2550000000000001 1.02295891888054
1.26 1.0178417876945056
1.2650000000000001 1.0130069808181412
1.27 1.0084707626520681
1.2750000000000001 1.0042416562127199
1.28 1.0003200988473462
1.285 0.9966983540395614
1.29 0.9933606917604216
1.295 0.9902838406994627
1.3 0.9874377061954533
1.305 0.984786338120792
1.31 0.9822891237097461
1.315 0.9799021717092782
1.32 0.9775798466046801
1.325 0.9752764053328021
1.33 0.9729476841026068
1.335 0.9705527799011653
1.34 0.9680556701161975
1.345 0.9654267145276315
1.35 0.962643986711996
1.355 0.9596943865930061
1.36 0.9565744923163019
1.365 0.9532911176169456
1.37 0.9498615501162542
1.375 0.946313456213684
1.3800000000000001 0.9426844490743514
1.385 0.9390213272764087
1.3900000000000001 0.9353790025858149
1.395 0.9318191456867003
1.4000000000000001 0.9284085881484744
1.405 0.9252175271256302
1.41 0.9223175859747998
1.415 0.9197797889062057
1.42 0.91767251079408
1.425 0.9160594642560939
1.43 0.9149977850484169
1.435 0.9145362737593623
1.44 0.9147138468376088
1.445 0.9155582433450007
1.45 0.917085025719947
1.455 0.919296903566104
1.46 0.9221833993689921
1.465 0.92572086444398
1.47 0.929872842695
1.475 0.9345907692778699
1.48 0.9398149813616868
1.485 0.9454760091864315
1.49 0.951496107806957
1.495 0.9577909835261615
1.5 0.9642716642335191
1.5050000000000001 0.9708464597971047
1.51 0.9774229573645454
1.5150000000000001 0.9839099969028764
1.52 0.9902195744806017
1.5250000000000001 0.9962686245411307
1.53 1.0019806375584899
1.5350000000000001 1.007287075784045
