0.0 1.0
0.005 1.0
0.01 1.0
0.015 1.0
0.02 1.0
0.025 1.0
0.03 1.0
0.035 1.0
0.04 1.0
0.045 1.0
0.05 1.0
0.055 1.0
0.06 1.0
0.065 1.0
0.07 1.0
0.075 1.0
0.08 1.0
0.085 1.0
0.09 1.0
0.095 1.0
0.1 1.0
0.105 1.0
0.11 1.0
0.115 1.0
0.12 1.0
0.125 1.0
0.13 1.0
0.135 1.0
0.14 1.0
0.145 1.0
0.15 1.0
0.155 1.0
0.16 1.0
0.165 1.0
0.17 1.0
0.17500000000000002 1.0
0.18 1.0
0.185 1.0
0.19 1.0
0.195 1.0
0.2 1.0
0.20500000000000002 1.0
0.21 1.0
0.215 1.0
0.22 1.0
0.225 1.0
0.23 1.0
0.23500000000000001 1.0
0.24 1.0
0.245 1.0
0.25 1.0
0.255 1.0
0.26 1.0
0.265 1.0
0.27 1.0
0.275 1.0
0.28 1.0
0.28500000000000003 1.0
0.29 1.0
0.295 1.0
0.3 1.0
0.305 1.0
0.31 1.0
0.315 1.0
0.32 1.0
0.325 1.0
0.33 1.0
0.335 1.0
0.34 1.0
0.34500000000000003 1.0
0.35000000000000003 1.0
0.355 1.0
0.36 1.0
0.365 1.0
0.37 1.0
0.375 1.0
0.38 1.0
0.385 1.0
0.39 1.0
0.395 1.0
0.4 1.0
0.405 1.0
0.41000000000000003 1.0
0.41500000000000004 1.0
0.42 1.0
0.425 1.0
0.43 1.0
0.435 1.0
0.44 1.0
0.445 1.0
0.45 1.0
0.455 1.0
0.46 1.0
0.465 1.0
0.47000000000000003 1.0
0.47500000000000003 1.0
0.48 1.0
0.485 1.0
0.49 1.0
0.495 1.0
0.5 1.2511384399960779
0.505 1.3405744818571876
0.51 1.4321772375616697
0.515 1.5241810784888496
0.52 1.6143936443079259
0.525 1.7003105023004412
0.53 1.7792771909402663
0.535 1.8486846600417262
0.54 1.9061793354717795
0.545 1.9498662626720291
0.55 1.9784834324900866
0.555 1.991527589118144
0.56 1.9893163763416488
0.5650000000000001 1.9729781140137188
0.5700000000000001 1.9443680918220267
0.5750000000000001 1.905918149465883
0.58 1.8604335624391841
0.585 1.8108570190683126
0.59 1.7600230780937023
0.595 1.710427514279902
0.6 1.6640342778308885
0.605 1.6221386184128872
0.61 1.5852987566598817
0.615 1.5533410553472513
0.62 1.5254358172715774
0.625 1.5002335161121585
0.63 1.4760452699994846
0.635 1.451047338523172
0.64 1.4234877560213037
0.645 1.3918740105525413
0.65 1.355123748885813
0.655 1.3126653830032935
0.66 1.2644815472551039
0.665 1.211094852548271
0.67 1.1535015373474695
0.675 1.0930637389017714
0.68 1.031374677236022
0.685 0.9701127511820433
0.6900000000000001 0.9109003247380953
0.6950000000000001 0.8551810043397363
0.7000000000000001 0.8041258448235148
0.705 0.7585746870908496
0.71 0.7190143047315616
0.715 0.6855907912113957
0.72 0.6581501432149692
0.725 0.6362986409358455
0.73 0.6194735713691785
0.735 0.6070150822237702
0.74 0.5982313203556212
0.745 0.5924511961358316
0.75 0.5890617393733422
0.755 0.5875296658326115
0.76 0.5874090825546504
0.765 0.5883389339849929
0.77 0.5900346541914603
0.775 0.5922784994362702
0.78 0.5949122739289355
0.785 0.5978348201214254
0.79 0.6010049859334106
0.795 0.6044490972348389
0.8 0.6082705334985028
0.805 0.6126580537359898
0.81 0.617889192536187
0.8150000000000001 0.6243253877591564
0.8200000000000001 0.6323964575593781
0.8250000000000001 0.6425734721857101
0.8300000000000001 0.6553307580034577
0.835 0.6710994862082933
0.84 0.6902167956497689
0.845 0.7128754691474489
0.85 0.7390796751908832
0.855 0.7686121272845902
0.86 0.8010172092924414
0.865 0.8356032533900902
0.87 0.8714653891952103
0.875 0.9075284043274386
0.88 0.9426070837995673
0.885 0.9754797382259837
0.89 1.0049692698309862
0.895 1.0300252943110526
0.9 1.049800610315296
0.905 1.0637156976629907
0.91 1.0715058804967097
0.915 1.0732472102905608
0.92 1.06935886503336
0.925 1.0605817611096402
0.93 1.0479349633065382
0.935 1.0326531953842197
0.9400000000000001 1.0161101610401861
0.9450000000000001 0.9997333781448368
0.9500000000000001 0.9849167425003639
0.9550000000000001 0.9729370478011342
0.96 0.9648802139099605
0.965 0.9615820714024299
0.97 0.9635873032154543
0.975 0.9711286641270427
0.98 0.9841270098832142
0.985 1.0022110988221176
0.99 1.0247547034077973
0.995 1.0509273963443369
1.0 1.079754542414913
1.0050000000000001 1.1101815900674652
1.01 1.141137739318331
1.0150000000000001 1.171594452099487
1.02 1.2006150200275227
1.025 1.2273924339482778
1.03 1.251274006580635
1.035 1.2717724664791767
1.04 1.288564447127725
1.045 1.301478326356413
1.05 1.3104741352473852
1.055 1.3156186884105705
1.06 1.317059161167185
1.065 1.3149980649193584
1.07 1.3096719984979395
1.075 1.301335761107611
1.08 1.290252504594946
1.085 1.2766896923999593
1.09 1.2609198298164745
1.095 1.243224328910252
1.1 1.2238985380440133
1.105 1.2032559316416578
1.11 1.1816297131931264
1.115 1.1593705890057582
1.12 1.1368401462959683
1.125 1.114400020390558
1.1300000000000001 1.0923977573472607
1.135 1.071150870946132
1.1400000000000001 1.0509309758379772
1.145 1.0319499995440204
1.1500000000000001 1.014350318234844
1.155 0.9982002453226333
1.16 0.9834956827140777
1.165 0.9701680037492698
1.17 0.9580974719227479
1.175 0.9471308109134539
1.18 0.9371010194381708
1.185 0.9278472371798415
1.19 0.91923245298536
1.195 0.9111571057816393
1.2 0.9035671290372977
1.205 0.8964556672657016
1.21 0.8898584621247125
1.215 0.8838436694463372
1.22 0.8784975321034719
1.225 0.8739078158779898
1.23 0.8701471591991614
1.235 0.8672584662157503
1.24 0.8652441929901646
1.245 0.8640608773209024
1.25 0.8636196086882065
1.2550000000000001 0.8637924084285429
1.26 0.8644237805770248
1.2650000000000001 0.8653460855100199
1.27 0.8663969514372867
1.2750000000000001 0.8674367199523397
1.28 0.8683639404781736
1.285 0.8691271747060186
1.29 0.8697318094926053
1.295 0.8702411475268857
1.3 0.8707716785899531
1.305 0.8714830555871308
1.31 0.8725638390707917
1.315 0.8742144752540046
1.32 0.876629198284284
1.325 0.8799785830020841
1.33 0.884394327513494
1.335 0.8899575439092063
1.34 0.8966914241039536
1.345 0.9045586789584521
1.35 0.9134636776747604
1.355 0.923258791532229
