0.0 1.0
0.005 1.0
0.01 1.0
0.015 1.0
0.02 1.0
0.025 1.0
0.03 1.0
0.035 1.0
0.04 1.0
0.045 1.0
0.05 1.0
0.055 1.0
0.06 1.0
0.065 1.0
0.07 1.0
0.075 1.0
0.08 1.0
0.085 1.0
0.09 1.0
0.095 1.0
0.1 1.0
0.105 1.0
0.11 1.0
0.115 1.0
0.12 1.0
0.125 1.0
0.13 1.0
0.135 1.0
0.14 1.0
0.145 1.0
0.15 1.0
0.155 1.0
0.16 1.0
0.165 1.0
0.17 1.0
0.17500000000000002 1.0
0.18 1.0
0.185 1.0
0.19 1.0
0.195 1.0
0.2 1.0
0.20500000000000002 1.0
0.21 1.0
0.215 1.0
0.22 1.0
0.225 1.0
0.23 1.0
0.23500000000000001 1.0
0.24 1.0
0.245 1.0
0.25 1.0
0.255 1.0
0.26 1.0
0.265 1.0
0.27 1.0
0.275 1.0
0.28 1.0
0.28500000000000003 1.0
0.29 1.0
0.295 1.0
0.3 1.0
0.305 1.0
0.31 1.0
0.315 1.0
0.32 1.0
0.325 1.0
0.33 1.0
0.335 1.0
0.34 1.0
0.34500000000000003 1.0
0.35000000000000003 1.0
0.355 1.0
0.36 1.0
0.365 1.0
0.37 1.0
0.375 1.0
0.38 1.0
0.385 1.0
0.39 1.0
0.395 1.0
0.4 1.0
0.405 1.0
0.41000000000000003 1.0
0.41500000000000004 1.0
0.42 1.0
0.425 1.0
0.43 1.0
0.435 1.0
0.44 1.0
0.445 1.0
0.45 1.0
0.455 1.0
0.46 1.0
0.465 1.0
0.47000000000000003 1.0
0.47500000000000003 1.0
0.48 1.0
0.485 1.0
0.49 1.0
0.495 1.0
0.5 1.3609590058426682
0.505 1.4082320026255193
0.51 1.4501565667151195
0.515 1.4861896827784833
0.52 1.5160443888542745
0.525 1.5396799263570453
0.53 1.5572686499424075
0.535 1.569144918186049
0.54 1.5757436604382824
0.545 1.5775376043524532
0.55 1.574982008575045
0.555 1.5684741848746
0.56 1.5583323826003852
0.5650000000000001 1.5447952286091957
0.5700000000000001 1.528039472579548
0.5750000000000001 1.5082108897482736
0.58 1.4854613338878484
0.585 1.459984396098926
0.59 1.4320429334248501
0.595 1.4019836550305085
0.6 1.3702365661652078
0.605 1.3372998444555737
0.61 1.3037131434363798
0.615 1.2700239817056163
0.62 1.2367525633617122
0.625 1.2043600769819105
0.63 1.1732244162334176
0.635 1.1436256659469832
0.64 1.115741964456615
0.645 1.0896548168267002
0.65 1.065361830037392
0.655 1.0427942771160055
0.66 1.021836850412472
0.665 1.0023473130673997
0.67 0.9841743289119772
0.675 0.9671723713661126
0.68 0.9512131502860546
0.685 0.9361933861638538
0.6900000000000001 0.9220390034411032
0.6950000000000001 0.9087059564133885
0.7000000000000001 0.8961780081466791
0.705 0.8844619093447067
0.71 0.8735805914726551
0.715 0.8635651775383171
0.72 0.8544467731981604
0.725 0.8462490658754948
0.73 0.8389826774560456
0.735 0.8326419667221828
0.74 0.8272045850904419
0.745 0.8226336199358849
0.75 0.8188817081371313
0.755 0.8158961672335207
0.76 0.8136240504488392
0.765 0.8120161206004841
0.77 0.8110290400254377
0.775 0.8106255227891859
0.78 0.8107726905063788
0.785 0.8114393017201202
0.79 0.8125927895175378
0.795 0.8141970828979535
0.8 0.816211995359102
0.805 0.8185945829350567
0.81 0.8213023896077435
0.8150000000000001 0.8242980195537591
0.8200000000000001 0.8275541105779322
0.8250000000000001 0.8310576139991908
0.8300000000000001 0.834812353456908
0.835 0.8388391283149608
0.84 0.8431730883433977
0.845 0.8478586415441882
0.85 0.852942656891097
0.855 0.8584670854653751
0.86 0.8644622713902406
0.865 0.8709421248597874
0.87 0.877901999102283
0.875 0.8853196128488283
0.88 0.8931587852460956
0.885 0.9013752120576998
0.89 0.909923115368372
0.895 0.9187614224626174
0.9 0.9278582100696287
0.905 0.9371924756198237
0.91 0.9467528082633383
0.915 0.9565331337297517
0.92 0.9665262851611023
0.925 0.9767165969304075
0.93 0.987072944968803
0.935 0.9975436211746428
0.9400000000000001 1.0080541365258568
0.9450000000000001 1.0185085513828367
0.9500000000000001 1.0287943237514212
0.9550000000000001 1.038790058505646
0.96 1.0483750427269398
0.965 1.0574391520229123
0.97 1.0658916592260894
0.975 1.0736676730752326
0.98 1.0807313378943004
0.985 1.0870754579805544
0.99 1.0927177751617183
0.995 1.0976946272003598
1.0 1.1020530683169796
1.0050000000000001 1.1058426917526154
1.01 1.1091083459189353
1.0150000000000001 1.1118847044318723
1.02 1.114193288948532
1.025 1.116042121561317
1.03 1.1174277728044295
1.035 1.118339234787016
1.04 1.118762830535746
1.045 1.1186872908833665
1.05 1.1181081863006004
1.055 1.117031070367956
1.06 1.1154729379999881
1.065 1.113461882465905
1.07 1.111035108302805
1.075 1.1082356856474072
1.08 1.1051085880428229
1.085 1.1016966248095044
1.09 1.0980368574105184
1.095 1.0941579856414354
1.1 1.0900790230337405
1.105 1.0858093784296978
1.11 1.0813502532864825
1.115 1.0766970828087685
1.12 1.0718426196912447
1.125 1.0667801994035668
1.1300000000000001 1.0615067410553476
1.135 1.0560251205680842
1.1400000000000001 1.0503456842916499
1.145 1.0444868246415486
1.1500000000000001 1.038474685616925
1.155 1.0323421794406833
1.16 1.026127558897825
1.165 1.0198727979089082
1.17 1.013621992401252
1.175 1.007419921428667
1.18 1.001310826730865
1.185 0.9953373989860081
1.19 0.9895399165572336
1.195 0.9839554739234103
1.2 0.9786172584191571
1.205 0.9735538733733518
1.21 0.9687887470787169
1.215 0.9643396949744577
1.22 0.9602187070681186
1.225 0.9564320120963133
1.23 0.9529804305656583
1.235 0.9498599828336131
1.24 0.9470626797972495
1.245 0.9445774038599986
1.25 0.9423907916677208
1.2550000000000001 0.9404880548657598
1.26 0.9388537112441847
1.2650000000000001 0.9374722329192535
1.27 0.9363286382819083
1.2750000000000001 0.9354090530267165
1.28 0.9347012431275665
1.285 0.9341950876186251
1.29 0.9338829255311506
