Starting dry volume fraction: 0.0022
Maximum dry volume fraction: 0.0028
DryVolFrac increment: 1.0E-5
Number of particles: 108
Initial configuration: FCC
Dry microgel radius [nm]: 50.0
Box length [units of dry radius]: 54.465075645095865
Number of monomers: 2916666.666666667
Flory interaction parameter (chi): 0.0
Young's calibration factor: 1.0
x-link fraction: 5.0E-5
DryVolFrac increment: 1.0E-5
MC steps: 100000
Equilibration steps: 10000.0
Snapshot interval: 100
Displacement tolerance: 0.1
Particle radius change tolerance: 0.05
Particle radius bin width: 0.001
g(r) bin width: 0.005
phi0, phi, mu/kT, (PV/NkT)_from_dF_FR+dF_pair, (PV/NkT)_from_dF_total, (PV/NkT)_virial_measured, (PV/NkT)_pair_contribution, (PV/NkT)_FR_contribution, <F_total>/V, EntropySolid, <F_reference>/V, <F_FR>/V, <alpha>, zeta, u_Hertz_nn, SpringConstant, LindemannParameter, kT/E
0.00221, 0.46818202273947734, -27.309892837665735, -30.98496791749643, -17.465443327515032, 2.162324266478403, -30.735946870239328, -0.2490210472571015, -0.0051939181371683275, 1.505267785110234, -0.005159065232249616, 3.334130225586212E-4, 6.334094063786009, 0.5602118543724768, 0.0, 0.004775100772269115, 1.2759017930617826, 0.0034288086352959267
0.00222, 0.46034542343716833, 1.5032930288694089, -13.426866540871993, 11.428710219270426, 2.343581310673546, -20.952220979568658, 7.525354438696665, -0.005260331762978307, 1.5053454248380302, -0.005117207476043973, 3.5165347933574997E-4, 6.333715082304526, 0.5627467496411305, 0.0, 0.005187078658537175, 1.226028789557373, 0.003428600526755599
0.00223, 0.46722496976157224, 10.624375417227805, 23.746450468945437, 20.367051451692237, 2.599578658327383, 23.39185190834187, 0.35459856060356637, -0.005186740441674523, 1.5052893169164911, -0.005086489563358964, 3.7251199264511965E-4, 6.334541440329216, 0.5652816449097843, 0.0, 0.005551696878027321, 1.1868609528499927, 0.0034285726198306273
0.00224, 0.4701647816100664, -10.10067968346093, -25.787397744707256, -0.35874278419945643, 2.316252238843979, -30.29856684214121, 4.511169097433951, -0.005209604107030833, 1.5052947308942795, -0.0051789616582708, 3.5668747747999305E-4, 6.334378847736625, 0.567816540178438, 0.0, 0.005085625898814606, 1.2419045785691651, 0.003428593771625702
0.00225, 0.4553879429880456, -3.4799859896567717, -13.232237362213706, 6.265872299465404, 2.771965224977741, -22.184287516384234, 8.952050154170529, -0.0052349676346808436, 1.50535059301086, -0.005011317408456375, 3.9723594809487725E-4, 6.334073724279842, 0.5703514354470918, 0.0, 0.006458295597014714, 1.1036879655530902, 0.0034285811563836903
0.00226, 0.46805704134563164, -31.74224440209589, -0.24442791094242633, -22.055722997609678, 2.8304265726514486, 3.178915334714236, -3.423343245656662, -0.005226219816195165, 1.5053473304128357, -0.005130410085893402, 4.0296135467056496E-4, 6.334387829218108, 0.5728863307157455, 0.0, 0.005723529846793757, 1.1741275113168963, 0.003428595642388166
0.00227, 0.4707708724623282, -22.222332100144516, 26.120773946895675, -12.282673052317726, 2.5973170742666656, 34.78002488254816, -8.659250935652487, -0.005386525687723582, 1.5054919637454187, -0.005160860530471946, 3.8445671779883207E-4, 6.333800617283954, 0.5754212259843993, 0.0, 0.005668563620418655, 1.1815439123504337, 0.00342857625918858
0.00228, 0.4676549270804329, 14.019420515542878, 26.788918843528215, 23.81590517174539, 2.3484452031410528, 24.72158865755245, 2.0673301859757665, -0.005332323636218196, 1.505422160008627, -0.005359243175376527, 3.65003760831357E-4, 6.334365853909464, 0.577956121253053, 0.0, 0.004562022081845019, 1.3189976383224635, 0.0034286245080155284
0.00229, 0.47291150978509205, -9.610803616954241, -31.682526314430163, 0.11960582769901415, 2.638596296088863, -39.76340365407486, 8.080877339644694, -0.005319587885493604, 1.5054301621179624, -0.0052220665301714285, 3.9752927971757965E-4, 6.334332654320992, 0.5804910165217068, 0.0, 0.005559525492003451, 1.196568020308485, 0.0034286218021238896
0.0023, 0.46738937793396207, 2.5395761898874767, 4.922685820809987, 12.334446228357391, 2.784006214350315, 1.197459323001412, 3.7252264978085745, -0.005378211843299908, 1.5054985342146125, -0.0052530067473871775, 4.070589794636506E-4, 6.3348106687242804, 0.5830259117903605, 0.0, 0.005504216869326105, 1.204312712327302, 0.0034285716082271566
0.00231, 0.4859697407585268, -15.583441908389128, 9.698677296086785, -5.959266105593371, 2.8356088427174573, 14.869121773533534, -5.1704444774467495, -0.005307462302374232, 1.505431930154356, -0.005232356300537707, 4.188555693551579E-4, 6.335498292181072, 0.5855608070590143, 0.0, 0.005804031697527866, 1.1744923688120326, 0.0034285745153860275
0.00232, 0.4769481788558867, -37.815016073396784, 24.275219030687705, -27.970244553289632, 2.5124369795778816, 36.93996769511201, -12.664748664424305, -0.005452617297603074, 1.5055540073988096, -0.005373069706269934, 3.8599838071254745E-4, 6.334743837448563, 0.588095702327668, 0.0, 0.0050283345497961155, 1.2636544750191339, 0.003428571437576627
0.00233, 0.4973964081033719, 8.253937999738579, 6.270030888420456, 18.12009526408456, 2.178779718907248, 4.22035915703669, 2.0496717313837656, -0.005488015704309649, 1.5055673268629985, -0.005528129580476597, 3.617134210138916E-4, 6.337380154320984, 0.5906305975963217, 0.0, 0.004286631038445767, 1.37058197311365, 0.003428740702878537
0.00234, 0.4898022282533802, 2.2268386242231824, -7.672040404421438, 11.916920319374388, 2.5333919719490945, -16.875838744446, 9.203798340024562, -0.005413207646624101, 1.5055187266710712, -0.005363941572685204, 3.9888967857738984E-4, 6.335118693415632, 0.5931654928649754, 0.0, 0.005375353582934205, 1.2256868533203356, 0.00342858368180512
0.00235, 0.48639672055210703, -10.784372485760874, -10.79797908846126, -1.0211343353601618, 2.626842331053929, -11.896324108800464, 1.0983450203392036, -0.005477383333074257, 1.50558933741419, -0.0054804448370672386, 4.0906763453708275E-4, 6.334325679012346, 0.5957003881336292, 0.0, 0.0048045145533735885, 1.298301696580844, 0.00342875443454695
0.00236, 0.4939234127274895, 12.971062570346822, -12.891958974275344, 22.67041791626591, 2.635331924003925, -20.889534520928777, 7.997575546653432, -0.0054646992323016935, 1.505577157584668, -0.005363902661295982, 4.0761531643052177E-4, 6.337003353909464, 0.5982352834022829, 0.0, 0.005677850717340303, 1.1959777769678948, 0.0034285777612539418
0.00237, 0.4968877733099119, -3.9998128215743995, 25.33672019999728, 5.571574689832664, 3.0358982497383673, 22.207472262869608, 3.1292479371276736, -0.005415451071317508, 1.505556562352764, -0.005356103797174812, 4.507076120554998E-4, 6.336770977366246, 0.6007701786709367, 0.0, 0.005887622667311654, 1.176135137331, 0.0034285936174337137
0.00238, 0.4842072946002659, -20.94556226121089, -6.481197109513769, -11.294102230622432, 2.7734442022097276, -6.485787478201254, 0.004590368687485238, -0.005483796931761571, 1.5056073360143298, -0.005503473467723993, 4.2635981451532277E-4, 6.334747006172845, 0.6033050739395904, 0.0, 0.005078730460840446, 1.2681165307920588, 0.003428600895845688
0.00239, 0.48555539542677134, -13.51583367749642, 6.808325315314567, -3.8492647874299135, 3.002940963942137, 9.837122511530358, -3.0287971962157916, -0.005515458764408831, 1.5056562756941922, -0.005425331402593876, 4.54312385035679E-4, 6.3360082510288125, 0.6058399692082442, 0.0, 0.005722823125513104, 1.1962957662471292, 0.0034285722250324015
0.0024, 0.5010364817609054, 6.256919133168572, 6.828635600370184, 15.940582277481262, 2.5752830247520686, 6.991802805229053, -0.1631672048588694, -0.005548330283955015, 1.5056594689531348, -0.005599759974896177, 4.1570015043393757E-4, 6.335331965020578, 0.6083748644768979, 0.0, 0.0047886197633553755, 1.3096130606059868, 0.003428624116311747
0.00241, 0.5066209160029661, -2.672332587716356, -37.41601740870342, 6.862091173526625, 2.961165313970227, -50.16983088093783, 12.75381347223441, -0.00548558417615173, 1.50562431472907, -0.005428489728405784, 4.569974869398485E-4, 6.338006635802474, 0.6109097597455517, 0.0, 0.006012343120087111, 1.1703836044517384, 0.003428616264180225
0.00242, 0.5060536048931399, -15.893923400258643, -31.92581922698575, -6.268205136578985, 3.230542412243972, -40.99231287442217, 9.066493647436415, -0.005561089732182633, 1.5057181949286567, -0.005433397286637204, 4.8038763442034203E-4, 6.336003539094648, 0.6134446550142054, 0.0, 0.006136827900343444, 1.1600523201989774, 0.003428576745119922
0.00243, 0.4906782055789957, -7.8909149989925504, -22.970574226342592, 1.6958503230653739, 3.4118331122255956, -27.897460825702495, 4.926886599359904, -0.0055614720703799836, 1.5057346706081687, -0.005350887754899728, 5.042569510938828E-4, 6.334860596707814, 0.6159795502828592, 0.0, 0.006931180719075029, 1.0930572447902918, 0.0034286470067393876
0.00244, 0.5083954215472807, -9.510927048262797, 33.0495870663055, 0.10057151652598459, 3.3876201249631985, 40.40062579327647, -7.351038726970969, -0.005598766076010862, 1.5057698342040347, -0.005359664013209346, 5.080620480825486E-4, 6.336716224279829, 0.6185144455515129, 0.0, 0.007037855804756564, 1.086227650165357, 0.0034286018064840526
0.00245, 0.5078576095945865, -15.735599424828504, 52.368562001340365, -6.149453190719929, 3.0846317881607703, 67.4848203601121, -15.116258358771734, -0.005606883401973507, 1.5057556070327767, -0.005552139387981924, 4.733227696032314E-4, 6.336992633744859, 0.6210493408201667, 0.0, 0.0057841058798073115, 1.1998169826607357, 0.003428571447851447
0.00246, 0.5229108655391349, -11.202961370563512, -42.844337037054785, -1.541673367888228, 2.702114642134135, -61.72113204286396, 18.87679500580917, -0.005673898028940126, 1.5057975193379485, -0.005684390541382305, 4.397510902606673E-4, 6.3396515020576185, 0.6235842360888204, 0.0, 0.0051014398838678055, 1.2793118113686228, 0.0034285970133172013
0.00247, 0.5038246363192393, 22.887911655183494, 1.5940974755053539, 32.487149509830175, 3.7534854732192238, -18.940568802096497, 20.53466627760185, -0.005660373602355289, 1.5058628881136227, -0.0054011482526546365, 5.670280387663798E-4, 6.336076419753089, 0.6261191313574742, 0.0, 0.007236129494704253, 1.0756151562324945, 0.0034285715460558334
0.00248, 0.5198332514102326, -10.140234307406674, 63.84551104283409, -0.7414398503592835, 3.5170929020839363, 84.23775763691594, -20.392246594081858, -0.005564616300630934, 1.5057505360168149, -0.005580621077177187, 5.423882196973054E-4, 6.339292006172845, 0.6286540266261279, 0.0, 0.006049257769654748, 1.17799634225226, 0.003428575938060065
0.00249, 0.5222095139598891, -18.887414372001956, -0.810433161678997, -9.283831164321064, 2.9588760613905647, 8.628671337582837, -9.439104499261834, -0.0057087896547793025, 1.505850996852026, -0.005754533236158106, 4.7403633192641593E-4, 6.338534403292177, 0.6311889218947817, 0.0, 0.005096316955969811, 1.2851367049229534, 0.0034285860521657534
0.0025, 0.5170278652590032, -1.7259721123030156, -86.45317659307005, 7.7487313040640124, 3.18089806754719, -116.66551678620408, 30.21234019313403, -0.005654797061416804, 1.505814902061284, -0.005667299722975582, 5.01127336253116E-4, 6.33717112139917, 0.6337238171634354, 0.0, 0.005771318661287352, 1.2092615278119365, 0.00342860436544975
0.00251, 0.5305033508227806, 18.941599683279026, -4.893519239162956, 28.482413081434988, 4.202890302877307, -22.30939058963143, 17.415871350468475, -0.005717030564578656, 1.5059532992134825, -0.005350090655226421, 6.222986491397777E-4, 6.340206810699595, 0.6362587124320892, 0.0, 0.008453197903533877, 1.0005185598623627, 0.0034286006341655816
0.00252, 0.5140382065803217, 23.82884622737479, 48.397911401100984, 33.07802342866527, 3.7429158701600107, 51.595865127961346, -3.1979537268603657, -0.005564357584826952, 1.5057712974618394, -0.005550571589125986, 5.892405516367288E-4, 6.336006234567901, 0.6387936077007429, 0.0, 0.006917972220981094, 1.1074442362789692, 0.0034286206801441266
0.00253, 0.5280344246897787, -46.53031798324193, -85.57971722750929, -37.25329636078186, 4.035120532364908, -102.4094089473946, 16.82969171988531, -0.005603256204620755, 1.5058300645348484, -0.005467289887648491, 6.117060571520856E-4, 6.339280473251028, 0.6413285029693967, 0.0, 0.007778934897685381, 1.0457419555922183, 0.0034287836728238404
0.00254, 0.529062280151172, -23.846629706674, 37.908466540279534, -14.303900215761868, 4.513696336280102, 54.298179073123556, -16.38971253284402, -0.005786523488147072, 1.5060512256140348, -0.005363049609145928, 6.744320314798583E-4, 6.339810092592593, 0.6438633982380504, 0.0, 0.008944600832302538, 0.976506602191041, 0.0034286385447228423
0.00255, 0.5251143206690624, 5.983835562958941, 18.79353617869639, 15.375128621373628, 3.3517644357701046, 17.719145271504452, 1.0743909071919364, -0.005717115474437731, 1.5058945608837395, -0.005758814312520909, 5.387614326252155E-4, 6.336724022633748, 0.6463982935067042, 0.0, 0.005911552020814046, 1.2027454688983565, 0.0034286754464194482
0.00256, 0.5234894143928959, -9.6793032082919, -80.43777156788934, -0.25787500686313175, 4.485233081692198, -117.826302368477, 37.38853080058767, -0.0057579527778922526, 1.5060223490855085, -0.0054245384740320415, 6.83787450054363E-4, 6.3396386111111145, 0.6489331887753579, 0.0, 0.008756491692561303, 0.989523271289192, 0.003428595278374973
0.00257, 0.5367353137860297, 35.730943562175426, 93.06485265457941, 45.124477944713675, 4.851277826313694, 111.76636117005822, -18.70150851547881, -0.005763330742976278, 1.5060557283981113, -0.005418362713120759, 7.226206068344785E-4, 6.338810493827151, 0.6514680840440117, 0.0, 0.00902306221483948, 0.9760644433391422, 0.0034285990670273147
0.00258, 0.5630090946943064, -67.39994112317116, -168.72024512226278, -58.328531307506765, 3.7622248912638274, -198.1504828906522, 29.430237768389407, -0.00558735008921452, 1.5057968209647188, -0.00569560314908934, 6.001178310169268E-4, 6.3448540534979365, 0.6540029793126654, 0.0, 0.0068203457817405866, 1.1241246360422645, 0.0034287156051482533
0.00259, 0.5863729754694713, -41.72306960689177, -144.36508705452235, -31.881609303576436, 6.004968826323462, -182.96672566115174, 38.60163860662938, -0.00608514175679194, 1.5064651309643458, -0.00493543306761667, 8.67791717560181E-4, 6.349307726337452, 0.6565378745813192, 0.0, 0.015977520553537575, 0.7353989228134996, 0.0034285979389011203
0.0026, 0.5452522760973995, -899.2953702369603, -1071.671738611401, -889.9727938075172, 5.398161890975525, -1115.3498822648373, 43.67814365343638, -0.005786563072281641, 1.5061206992076002, -0.00519664555634202, 7.911281732317811E-4, 6.3414783024691355, 0.6590727698499729, 0.0, 0.012288204953873037, 0.8396365200425256, 0.0034286660123892007
0.00261, 0.5371849855945072, 11.637915735832452, 87.86422851682855, 28.29511481258567, 7.646174243856133, 98.64605087542844, -10.781822358599898, -0.010378960860977992, 1.5108860068288736, -0.00410785870760033, 0.001082425092918402, 6.340808076131685, 0.6616076651186267, 0.0, 0.04069143125282045, 0.46199766446907414, 0.0034285780606494376
0.00262, 0.6161693505604751, 597.9850142661744, 666.3921516098046, 607.1475869386305, 4.952367489524106, 663.5714718946679, 2.820679715136712, -0.005730996117782301, 1.5060348234762486, -0.0055125449678937065, 7.479432086709472E-4, 6.352776481481477, 0.6641425603872804, 0.0, 0.009131670917923555, 0.9764943425111684, 0.0034287261874579034
0.00263, 0.5459232495808359, -4425.8281316678895, -5083.533113635541, -4413.845017863705, 7.502483459327025, -5197.734963918537, 114.20185028299608, -0.007523792733517815, 1.5080276934875216, -0.004432811163100796, 0.0011016023366472198, 6.3416876851851764, 0.6666774556559342, 0.0, 0.02970891554663151, 0.5420669683478149, 0.00342859890646229
0.00264, 0.5722818494949244, 398.2266137044637, 630.0716146856075, 440.8487739450671, 9.186712044794866, 674.7506500983218, -44.679035412714306, -0.026862768850685673, 1.527488451490344, -0.002348729435331035, 0.0013015940822352966, 6.344645462962959, 0.6692123509245879, 0.0, 0.27992218291622306, 0.17681824593450116, 0.003428594023976211
0.00265, 0.6708837020660133, 752.8312535225615, 805.5231766421763, 761.7184448549816, 5.761824364202408, 795.102544978115, 10.420631664061315, -0.005622400712263451, 1.5059973071209591, -0.005354077081406334, 8.981362177209354E-4, 6.362410442386836, 0.6717472461932417, 0.0, 0.011557869483964244, 0.8712728053970464, 0.003428771088633928
0.00266, 0.6736507181160444, -149.7510604473337, -251.96697061227857, -113.10975294179168, 9.333541164945874, -290.48058869700134, 38.51361808472276, -0.023268264391320168, 1.5239141464436234, -0.0025982897520897114, 0.0013581273199683923, 6.361636203703708, 0.6742821414618954, 0.0, 0.21895727790251665, 0.20042810179807724, 0.003428577843649342
0.00267, 0.6760422323578652, 3681.0762587919617, 4327.634636933832, 3691.0186101926574, 7.2549754025505715, 4435.855142146571, -108.22050521273921, -0.006337409357366842, 1.5068273035238984, -0.004710618717292583, 0.0010922366821658315, 6.363563981481476, 0.6768170367305492, 0.0, 0.02378971934382841, 0.608817118127941, 0.0034285731394791776
0.00268, 0.5844953346421888, -1617.1045972319173, -1929.1759140173203, -1608.207450668894, 5.105143833297662, -1987.538085534414, 58.362171517093685, -0.005692419916771316, 1.5060216712121235, -0.00567319291077398, 8.495940176941195E-4, 6.346908827160491, 0.6793519319992029, 0.0, 0.008805895675217905, 1.0019266393281, 0.003428653955869011
0.00269, 0.6615531032576784, -269.2430438878365, -510.4459932470545, -247.3515308080974, 9.30586254756898, -583.512143941237, 73.06615069418251, -0.014058515061749488, 1.5147096543695124, -0.0032204444522653895, 0.001377235778624895, 6.361473199588477, 0.6818868272678567, 0.0, 0.11763755108964423, 0.27446619796090066, 0.003428572213273275
0.0027, 0.6805622969942369, -2234.4826291567724, -2447.3209961215557, -2223.656994465417, 8.068975740233396, -2451.5403040694346, 4.219307947878757, -0.006977960756607035, 1.5075390106923983, -0.0044409532097799366, 0.0012086988605809555, 6.362704609053497, 0.6844217225365103, 0.0, 0.033313108223237464, 0.5164061875951719, 0.003428639331966339
0.00271, 0.6778278966710385, -3706.0431303978557, -4169.413872916381, -3667.8225315906116, 9.621589861274828, -4203.100064377119, 33.68619146073929, -0.024727383732247733, 1.5253959891541256, -0.0021854234583088133, 0.001406334815008042, 6.362901327160499, 0.6869566178051641, 0.0, 0.3538855477355817, 0.15863637502284858, 0.0034285714745229032
0.00272, 0.6887785127386937, 719.2092325740961, 736.0576429497726, 757.2055841456463, 9.558762037845904, 731.327290423364, 4.730352526408537, -0.024673013262044453, 1.5253338412294744, -0.0020621595546654148, 0.0013799174318517616, 6.362995514403295, 0.6894915130738178, 0.0, 0.4054674750158058, 0.14838478913589556, 0.003428575364948156
0.00273, 0.6913582893586812, 2240.107785553007, 2264.2008275844987, 2272.7794478666156, 9.758028450036923, 2258.2456399306534, 5.9551876538454325, -0.021293412597802854, 1.5219763340808266, -0.0020996124148845658, 0.001439067036327189, 6.363807746913585, 0.6920264083424716, 0.0, 0.39314428311155186, 0.15087686811183995, 0.0034287438557589955
0.00274, 0.6939306534246552, -1260.9320901553604, -1254.1962291928576, -1239.564235935084, 9.715921325989493, -1259.661247777936, 5.465018585078502, -0.013977286448162434, 1.5146520977845248, -0.0020365814359144204, 0.0014188939740669901, 6.364087870370371, 0.6945613036111253, 0.0, 0.4228024928698483, 0.14566632998392268, 0.003428663735446542
0.00275, 0.6964132448757115, -666.7946121914259, -649.6851811385934, -625.1901467662409, 9.898762162387875, -650.8027097856924, 1.1175286470989376, -0.027313919849345485, 1.5280109640026363, -0.002044615351183091, 0.0014755174683059754, 6.3644612962963, 0.6970961988797791, 0.0, 0.42253247801394994, 0.145889916848707, 0.0034286332195605116
0.00276, 0.6314606226129728, 2449.8327366937588, 2460.362442012168, 2475.8775964065803, 9.757238984368055, 2460.311126763841, 0.051315248326832534, -0.0171609962048817, 1.5178416817245375, -0.0019344961916942342, 0.0014349608164471023, 6.353986872427988, 0.6996310941484328, 0.0, 0.4764176055094863, 0.1375583275049547, 0.00342857174075181
0.00277, 0.7014891441386072, 1505.1357962749546, 1528.3685718726872, 1528.7515454393526, 9.989824899779967, 1511.6694163001764, 16.69915557251081, -0.015616830155550761, 1.516318939329962, -0.0019845540340875595, 0.00148616074735464, 6.365212181069955, 0.7021659894170866, 0.0, 0.4559885831744835, 0.1407755930554209, 0.0034296269691940786
0.00278, 0.704067333248794, 710.0739078546438, 711.5657894396286, 725.1030793948904, 10.123360424148983, 699.6021281115483, 11.963661328080347, -0.00997450214483025, 1.5106921134241404, -0.0019469965376013938, 0.001525423813599848, 6.364464897119344, 0.7047008846857403, 0.0, 0.4771298308920621, 0.13778684017523019, 0.00342864060093082
0.00181, 0.39808644731514087, -3.840282524800131, 16.92733301452101, 6.222306609988407, 1.9681696727894182, 17.194153337702417, -0.26682032318140503, -0.004348101824998431, 1.5043973137499287, -0.004225714752813894, 2.561352682493718E-4, 6.332037798353906, 0.45881604362632705, 0.0, 0.00477794124898784, 1.1933931741763524, 0.003428650665420915
0.00182, 0.3975069728270253, -3.6186744992929527, 13.413191450319735, 6.404388365413935, 2.001395319131462, 14.318565902190265, -0.9053744518705307, -0.004354950599560236, 1.5044066893356849, -0.00421948048287662, 2.620962454924403E-4, 6.332557150205764, 0.4613509388949808, 0.0, 0.005001745766408024, 1.1685323764701465, 0.003428729331531084
0.00183, 0.4049861697547019, -19.592786959268555, -17.65033706820525, -9.600623121042808, 1.845270964114082, -18.92768610123721, 1.2773490330319592, -0.004365379723018523, 1.504409660890433, -0.0043055472398917565, 2.5469260219033747E-4, 6.3331325, 0.46388583416363455, 0.0, 0.004539871669950999, 1.2287767972011248, 0.003428573628574161
0.00184, 0.4080377597712304, -13.33012129780521, -5.687036729876443, -3.203039692940043, 2.0387281702899553, -7.621518778656703, 1.9344820487802599, -0.004448499266365657, 1.5045034825602208, -0.004228101091013333, 2.709786635792592E-4, 6.332746481481482, 0.4664207294322883, 0.0, 0.005299129496696441, 1.1394136951984872, 0.0034285887805094967
0.00185, 0.4087579424233721, -10.096614814558228, 4.205681802059193, -0.06836494974243164, 2.009989390149234, 6.036243865164319, -1.8305620631051258, -0.00442902636391533, 1.5044823193670878, -0.0043396446482346284, 2.668744938582112E-4, 6.333273775720164, 0.46895562470094204, 0.0, 0.004630075661505638, 1.221164843058859, 0.003428678665481641
0.00186, 0.3973877005108975, -5.125961256282567, -7.654201812447448, 5.000792748686827, 1.959894649167303, -8.370230501170427, 0.71602868872298, -0.004496707051052611, 1.5045474886775145, -0.004295423238318197, 2.6512350321320085E-4, 6.3321148868312775, 0.4714905199695958, 0.0, 0.0051299689970885414, 1.1622281004966586, 0.0034286354569701767
0.00187, 0.41267005397202733, -4.834453880279792, 9.554751595269392, 5.141365090327088, 2.0434290150698313, 9.813939207602845, -0.2591876123334514, -0.0044535010260763775, 1.504509409442453, -0.004325408846707044, 2.731440693715185E-4, 6.333672078189293, 0.47402541523824954, 0.0, 0.005076784503297118, 1.170389988318885, 0.0034286199352962943
0.00188, 0.40574162758388305, -8.436084626691432, 6.693011909940843, 1.6343683131216895, 1.9076102579595524, 7.224626569751077, -0.5316146598102341, -0.004519789868018501, 1.5045678306826524, -0.004362756663843329, 2.6680730046761914E-4, 6.332450997942378, 0.4765603105069033, 0.0, 0.004969550154744805, 1.1850549933025423, 0.0034286053981439947
0.00189, 0.41049492420451184, -3.3634740984966136, 2.480516663091561, 6.596051386989468, 1.9612824531065471, 0.8836264874494978, 1.5968901756420633, -0.004493780363136762, 1.5045463621831117, -0.0043959743956547654, 2.7344417188054064E-4, 6.332696697530863, 0.47909520577555703, 0.0, 0.004895740988548772, 1.1960678365883646, 0.0034285779747608735
0.0019, 0.4113234461823786, -24.464722659878337, -25.082002780108652, -14.46486949734223, 2.030999692408343, -25.695536464326437, 0.6135336842177849, -0.004535849273880619, 1.5045920861208535, -0.004389624680573155, 2.773254785388977E-4, 6.332633580246915, 0.4816301010442108, 0.0, 0.00511540762357062, 1.17216523775907, 0.0034290961571926235
0.00191, 0.40739661113401376, -10.21561485471562, -0.8184446559243861, -0.10420248782228676, 2.0390547386864117, -0.7490714981824981, -0.06937315774188799, -0.00461059080941752, 1.5046666856567061, -0.004391487893937213, 2.7929279500200725E-4, 6.332006028806583, 0.4841649963128645, 0.0, 0.005278113721784659, 1.1559778466433703, 0.0034286142630810994
0.00192, 0.41515663903041844, -2.70715901263771, 14.39839418072386, 7.294941667525264, 2.039576902375228, 15.599659838312096, -1.2012656575882363, -0.004584625241906149, 1.504641811590737, -0.004432198591853273, 2.7991877799456004E-4, 6.332313909465017, 0.4866998915815183, 0.0, 0.005142424808312578, 1.1731697644927483, 0.0034285737307868003
0.00193, 0.4260663457888684, -1.7430725952504584, 26.656819817199814, 8.291611757609136, 1.9622938354781585, 26.772522459836697, -0.11570264263688455, -0.004623516541575432, 1.5046763731189303, -0.004471573116683841, 2.7647299458496613E-4, 6.333885493827162, 0.489234786850172, 0.0, 0.005021364753132908, 1.1892851020658604, 0.0034286188871950752
0.00194, 0.41511899970787625, -5.804919518356688, 23.328453286450205, 4.112036542374199, 1.9812229461647997, 23.617321252883855, -0.2888679664336491, -0.004592947800497213, 1.5046477120856003, -0.004566223546411732, 2.822313436946592E-4, 6.332798220164612, 0.49176968211882577, 0.0, 0.004525888408182706, 1.2548536636618677, 0.003428595648306148
0.00195, 0.4219411888398707, -22.76756031827028, -11.318671120356761, -12.776258168841483, 1.9306761263945704, -10.904383312102622, -0.4142878082541387, -0.004651232990643345, 1.5047031852392685, -0.0046103992176344845, 2.780033531235898E-4, 6.3328285596707845, 0.4943045773874795, 0.0, 0.004392726276697153, 1.2759164203801543, 0.0034287428928039838
0.00196, 0.41880840956611715, -16.991730190916602, -49.3954650636836, -6.943645515312865, 2.025699647012569, -53.50889151852399, 4.113426454840389, -0.004701654893501081, 1.5047590146252077, -0.004620469157746216, 2.831045815605618E-4, 6.3323397530864165, 0.49683947265613326, 0.0, 0.004479168178184166, 1.2657009314937828, 0.003428580897879323
0.00197, 0.42369794053255816, 4.178618804152595, -9.320194160449411, 14.240991289027965, 2.2186883156371917, -10.651477823026498, 1.3312836625770865, -0.00473236252619039, 1.5048014622393964, -0.004454854354370232, 3.0053233998439643E-4, 6.332430030864195, 0.499374367924787, 0.0, 0.005871392638960863, 1.1073781256652784, 0.003428810745602306
0.00198, 0.4169597433079486, 9.558923471585286, 47.46254430632417, 19.46330407163593, 2.138627797795187, 47.89570046900304, -0.4331561626788733, -0.004681703458361752, 1.5047456641215573, -0.004553199731624645, 2.925120825732951E-4, 6.332417510288063, 0.5019092631934408, 0.0, 0.005271169742134783, 1.1707010012227295, 0.003428643890576791
0.00199, 0.4280899428105363, -22.059470106598496, -14.24902395441514, -12.194296576059417, 2.1915477157591843, -15.856337124908961, 1.6073131704938215, -0.004686722028556192, 1.504754674233051, -0.004634532795436332, 3.01418839152505E-4, 6.333210360082302, 0.5044441584620946, 0.0, 0.004852978076892425, 1.2221503071340716, 0.0034285920177057425
0.002, 0.4278867562936099, -11.24046454364461, -8.613521731859121, -1.2145330485284882, 2.1586433865035737, -8.993124617827041, 0.37960288596792047, -0.0047870296696453435, 1.50485340050102, -0.004589967350105109, 3.0321577272557836E-4, 6.3331117901234615, 0.5069790537307483, 0.0, 0.0053398074848164485, 1.1670558121503993, 0.0034286781351896634
0.00201, 0.4314569256810263, 2.415828005613986, 7.261135852977341, 12.294686023845664, 2.188878441592266, 6.773117390998908, 0.48801846197843235, -0.004740391293399299, 1.504809569032151, -0.0046451049002523915, 3.062634671511731E-4, 6.333383569958847, 0.509513948999402, 0.0, 0.005103985271119525, 1.1956986531978113, 0.0034286448281948823
0.00202, 0.4250851205789529, -12.133081024037377, -8.046893097828068, -2.230335266552249, 2.227912277516509, -8.497849804216859, 0.4509567063887902, -0.004775494940582744, 1.504847355530514, -0.004612153867631509, 3.0859328692499377E-4, 6.332972109053502, 0.5120488442680557, 0.0, 0.005519106441356208, 1.1517560405814424, 0.003428980655898405
0.00203, 0.43346952495910274, -15.73032770279708, 10.915537420615362, -5.829260590912149, 2.2377405465149742, 10.542177577621791, 0.3733598429935704, -0.0047983224879965996, 1.504870840490637, -0.0046629977721120985, 3.1147200589790486E-4, 6.332712078189296, 0.5145837395367096, 0.0, 0.005308406533064817, 1.1763259713234935, 0.0034285757110643226
0.00204, 0.4336754859511452, -15.339662566455619, -4.255042713953117, -5.379783652643902, 2.2242878552606395, -4.0895497948770485, -0.16549291907606786, -0.0048506017228934105, 1.5049225230463184, -0.004738045253619681, 3.1344463857520684E-4, 6.333040246913582, 0.5171186348053632, 0.0, 0.004939713430880704, 1.2214347518268547, 0.0034286112719919717
0.00205, 0.42975794524897665, -12.100716164959273, -7.601296701175458, -2.146589585224869, 2.247333650142483, -6.518029667287627, -1.0832670338878303, -0.004871563981680993, 1.5049462049486881, -0.004714819438569906, 3.1375482206707307E-4, 6.332930679012358, 0.519653530074017, 0.0, 0.005265335540151106, 1.184993645116293, 0.0034285838238685223
0.00206, 0.4325578301839218, -6.3533887852186695, 8.732235183778156, 3.627274956274091, 2.205836590392342, 9.823698640389322, -1.0914634566111663, -0.004908378386671569, 1.5049800313913249, -0.004757999184026091, 3.113334421355674E-4, 6.332979218106996, 0.5221884253426707, 0.0, 0.005121780422539231, 1.2034360657922347, 0.0034286585718587216
0.00207, 0.43956813873653894, -1.100209817463711, 8.400125970327007, 8.81912702512561, 2.0917936503785644, 8.404383748554054, -0.0042577782270468165, -0.004901899178597558, 1.5049670540284328, -0.004785387995039956, 3.115661227153733E-4, 6.33295780864197, 0.5247233206113245, 0.0, 0.00509178315472383, 1.2089256503951826, 0.0034285893726694865
0.00208, 0.4392093698265251, -9.21511119349217, 9.42112752565485, 0.6801635679618505, 2.1736336403908667, 9.221709536648486, 0.19941798900636312, -0.004913631501598196, 1.5049829570614863, -0.004802234234157451, 3.143234134445887E-4, 6.333245061728393, 0.5272582158799782, 0.0, 0.005135086732989327, 1.2057528962946933, 0.0034289135447345396
0.00209, 0.4393411596227629, -3.066903358539116, -4.34257233484578, 6.845694482623441, 2.181831687773877, -7.731614458389324, 3.3890421235435446, -0.00494589809352513, 1.5050172622055291, -0.004873298352852195, 3.155406139900178E-4, 6.333008477366259, 0.529793111148632, 0.0, 0.004813211968292706, 1.2474094463949834, 0.003428611024306704
0.0021, 0.4377609581102894, -9.144733458336736, -12.56708288494428, 0.6855091945180948, 2.352784754959611, -16.45583393485228, 3.8887510499079982, -0.004928274886483095, 1.505011111939347, -0.0047954486290971, 3.3352442504045E-4, 6.332960452674899, 0.5323280064172857, 0.0, 0.005513068737156618, 1.1674030449148325, 0.0034285891611842475
0.00211, 0.4428059514427608, -28.485485710454913, -22.581689924014565, -18.580166204674587, 2.4146080890110015, -21.536380333236412, -1.0453095907781522, -0.004989560979519694, 1.5050750381079705, -0.004855692826030121, 3.372844556470408E-4, 6.333038004115223, 0.5348629016859395, 0.0, 0.005244184169613976, 1.1988539484751397, 0.0034285778047915706
0.00212, 0.444720408865367, -7.755346977444471, -14.80236167088404, 2.250888534444321, 2.3440250462510486, -14.453171671517454, -0.3491899993665855, -0.005064283062198869, 1.505146451822258, -0.0048223682851194745, 3.3173044844570453E-4, 6.333479465020573, 0.5373977969545932, 0.0, 0.005651906572705363, 1.1566240727325658, 0.0034286749335374488
0.00213, 0.45201090674617755, 1.9777596548887375, 35.205192183017985, 11.862891625191724, 2.365962164335068, 34.72031925015464, 0.48487293286334593, -0.0050265900337252865, 1.5051103747992307, -0.00481976359447695, 3.38746728745224E-4, 6.334083261316879, 0.539932692223247, 0.0, 0.005844561017108268, 1.1391869811503683, 0.0034286304071240088
0.00214, 0.44703575911487053, -4.489508566994429, 14.056419887488124, 5.404726990064666, 2.331762751448122, 12.813569576130199, 1.242850311357925, -0.005054839955439171, 1.5051368602613582, -0.004979075556819188, 3.3722626662450615E-4, 6.33344121399177, 0.5424675874919007, 0.0, 0.004881506416542027, 1.2484526801153708, 0.003428618401183752
0.00215, 0.44929677289393344, -21.78565924364957, -20.099921826584126, -11.950719118958752, 2.44982971324869, -18.462591461626737, -1.6373303649573896, -0.005048025858140004, 1.5051374669917916, -0.004907605801617961, 3.4783254921413236E-4, 6.3332245473251065, 0.5450024827605545, 0.0, 0.005526878708871293, 1.1751246785441165, 0.0034286561343844697
0.00216, 0.4495131173565225, -2.2153516897378878, 8.421036421862848, 7.788989642197046, 2.2448625999571092, 4.390269505164268, 4.030766916698581, -0.005158858816153445, 1.5052363910736533, -0.004985818127015691, 3.3264424161337996E-4, 6.333350997942391, 0.5475373780292082, 0.0, 0.005141370813970462, 1.2202707845163265, 0.0034285820640181297
0.00217, 0.45027857330122584, 9.551064172984946, 5.1432180561254945, 19.315777676155463, 2.677844380692652, 1.1449064008846355, 3.9983116552408586, -0.005058603383303267, 1.505162427204509, -0.004956788585352987, 3.7015808286564603E-4, 6.333412510288067, 0.550072273297862, 0.0, 0.005501273291650675, 1.181497285768277, 0.003428574331513951
0.00218, 0.46024211339079335, -26.84011358605453, 9.819260160079475, -17.01517964407299, 2.4559135755849804, 17.466022778582104, -7.646762618502629, -0.005113255843905891, 1.505205836147098, -0.004963833826844528, 3.5514636876577034E-4, 6.334516172839503, 0.5526071685665157, 0.0, 0.005614630319657783, 1.1713032322264003, 0.0034285738650667312
