Starting dry volume fraction: 0.0028
Maximum dry volume fraction: 0.0039
DryVolFrac increment: 1.0E-5
Number of particles: 108
Initial configuration: FCC
Dry microgel radius [nm]: 50.0
Box length [units of dry radius]: 48.769606624490535
Number of monomers: 2916666.666666667
Flory interaction parameter (chi): 0.0
Young's calibration factor: 1.0
x-link fraction: 5.0E-5
DryVolFrac increment: 1.0E-5
MC steps: 100000
Equilibration steps: 10000.0
Snapshot interval: 100
Displacement tolerance: 0.1
Particle radius change tolerance: 0.05
Particle radius bin width: 0.001
g(r) bin width: 0.005
phi0, phi, mu/kT, (PV/NkT)_from_dF_FR+dF_pair, (PV/NkT)_from_dF_total, (PV/NkT)_virial_measured, (PV/NkT)_virial+dF_total, (PV/NkT)_einstein, (PV/NkT)_pair_contribution, (PV/NkT)_FR_contribution, <F_total>/V, <F_pair>/V, EntropySolid, <F_reference>/V, <F_FR>/V, <alpha>, zeta, u_Hertz_nn, SpringConstant, LindemannParameter, kT/E
0.00281, 0.7115643465237956, 473.5910552110831, 473.3019003453544, 492.43522454661274, 10.308195794192427, 502.7434203408052, 19.133324201257853, 471.194770190537, 2.107130154817393, -0.012641386472956187, -0.012372277396102757, 1.5133736100181652, -0.0018315552784064916, 0.0015624462015530615, 6.365512026748974, 0.7123055704917012, 0.0, 0.5470786670716248, 0.12913827385810306, 0.003428643053057398
0.00282, 0.7141045564900652, -125.21974568273352, -106.49350293462479, -109.35249617444163, 10.454932925285394, -98.89756324915624, -2.8589932398170306, -124.08298044659041, 17.589477511965626, -0.010682235544347324, -0.010430176719882098, 1.5114311985259292, -0.0018671401106042016, 0.0016150812861389743, 6.36684543209876, 0.7148404657603549, 0.0, 0.5314014718615733, 0.13118456919780808, 0.0034286127587333987
0.00283, 0.7166323028573324, -70.38030434307946, -67.41868791452025, -50.78436414997248, 10.62272686934675, -40.16163728062573, 16.634323764548125, -74.01048301236548, 6.591795097845239, -0.0132392667178997, -0.013038702871390424, 1.5140042268609182, -0.0018584480940419888, 0.0016578842475327127, 6.366294567901242, 0.7173753610290087, 0.0, 0.5395563781410747, 0.13034313336851688, 0.0034285732925781924
0.00284, 0.7191884376873855, -76.84167272700982, -70.9678668322325, -60.590528466360304, 10.618298643581161, -49.97222982277914, 10.37733836587252, -82.48230578647279, 11.514438954240294, -0.011018276744322717, -0.010875697056288361, 1.5117827566340478, -0.0018008509738324532, 0.0016582712857980985, 6.366237510288067, 0.7199102562976624, 0.0, 0.5750209394131175, 0.12640823785316976, 0.003428572133711869
0.00285, 0.7217172014958431, -443.5394399310195, -433.7345420094977, -423.54177529907827, 10.855887454369089, -412.68588784470916, 10.192766710419559, -442.23106805069887, 8.496526041201138, -0.013606158679398298, -0.01350911628778581, 1.5143929912245682, -0.0018215820022415114, 0.0017245396106290243, 6.367570195473246, 0.7224451515663162, 0.0, 0.5668830197338197, 0.12746158742142366, 0.0034286333008580893
0.00286, 0.7242156086874173, 1332.7184422256507, 1330.2002378824561, 1351.9576165259537, 10.828507895140357, 1362.786124421094, 21.757378643497457, 1331.7718764725971, -1.5716385901408845, -0.013136021573959693, -0.01308199568641531, 1.5139201256486121, -0.0017649671292547567, 0.0017109412417103751, 6.36765805555555, 0.7249800468349699, 0.0, 0.6031862599746888, 0.12371073432038801, 0.0034288925857563473
0.00287, 0.7267813979224494, 1232.0056474170901, 1224.6766627633247, 1242.5767189698843, 10.911782957332582, 1253.488501927217, 17.90005620655937, 1219.4737986479329, 5.2028641153917805, -0.007242896844500012, -0.007241856458761916, 1.5080341116743115, -0.0017300405989237777, 0.001729000213185682, 6.368019475308646, 0.7275149421036237, 3.390084032549138E-9, 0.6280164492887671, 0.1213816070687604, 0.0034287829186239282
0.00288, 0.7292746637559169, -1108.8533217988424, -1102.2776177960839, -1098.3033476493554, 10.999278744477524, -1087.3040689048778, 3.974270146728278, -1122.554071794565, 20.276453998481244, -0.0072536279128528735, -0.007309903094306564, 1.5080522261648934, -0.0016915566884961055, 0.0017478318699497958, 6.368361502057614, 0.7300498373722774, 1.5075469328913315E-5, 0.6559653936563585, 0.11890536735062177, 0.003428694405972774
0.00289, 0.7317863360007342, -863.9246043970876, -854.890984404476, -845.7529636384381, 11.277971462432955, -834.4749921760052, 9.138020766037906, -870.4503564099612, 15.559372005485203, -0.01253728146434463, -0.012652420557115782, 1.5133674085636437, -0.0017228117782006366, 0.0018379508709717894, 6.3690241255144056, 0.7325847326409312, 9.849147585769201E-5, 0.6399126374440937, 0.12052672740496047, 0.003428590170066964
0.0029, 0.7343192989987241, 1856.589101723715, 1864.0570225297904, 1873.0244181507717, 11.302467512941044, 1884.3268856637128, 8.96739562098097, 1850.932275643629, 13.124746886161258, -0.011378564050308074, -0.01155355740632446, 1.5122086512071296, -0.0016598484261058858, 0.0018348417821222708, 6.368460174897122, 0.7351196279095848, 2.434072882730999E-4, 0.6842345273633629, 0.11669204936211124, 0.003428573886644337
0.00291, 0.7368152830583776, 220.0440553782458, 217.8490844347796, 225.33074258031533, 11.541080204749692, 236.87182278506504, 7.4816581455354925, 198.56602297280773, 19.28306146197187, -0.0036727214794485003, -0.0038945496334558682, 1.5045307959054108, -0.0016914428485333127, 0.0019132710025406808, 6.369863590534978, 0.7376545231782387, 5.225645006695235E-4, 0.6672873954953517, 0.11830024101169608, 0.0034285723465032614
0.00292, 0.739320089395799, -492.817013187539, -494.87582753033104, -478.0014184851759, 11.628534043498405, -466.3728844416775, 16.874409045155073, -501.2093076214779, 6.333480091146846, -0.010327931076965037, -0.010632241147885286, 1.5111920984351588, -0.0016357511765739934, 0.0019400612474942415, 6.370085936213994, 0.7401894184468923, 8.814886819751341E-4, 0.7080880012158138, 0.11497279609648514, 0.003428653027804
0.00293, 0.7418775939396188, 1073.7575451839089, 1065.0390431732148, 1082.3720844404868, 11.75206930646723, 1094.124153746954, 17.333041267272275, 1058.7554033680838, 6.283639805130976, -0.0060257493901059184, -0.006360471367910669, 1.506902210034144, -0.0016220772553765957, 0.0019567992331813466, 6.370782767489709, 0.7427243137155461, 0.0013691872298050311, 0.7213252747928646, 0.11404284919778954, 0.0034285714320336346
0.00294, 0.744397060529726, 138.53977716241053, 131.81248681803314, 145.95011240976496, 11.809373701568079, 157.75948611133305, 14.137625591731853, 118.4316903397742, 13.380796478258926, -0.005201116447017888, -0.00562047265555844, 1.5060834534776233, -0.001564064200374331, 0.001983420408914883, 6.370323415637863, 0.7452592089841998, 0.0019683782216531583, 0.7666225328707226, 0.11074804808301941, 0.0034287348688414967
0.00295, 0.7468339310421424, 214.86187676583825, 218.84562673983064, 222.47875963991444, 11.984417956208862, 234.4631775961233, 3.633132900083741, 199.89469691034077, 18.950929829489862, -0.005364270679598499, -0.005833236207682499, 1.5062641629580338, -0.0015652149580009508, 0.002034180486084951, 6.371113693415641, 0.7477941042528536, 0.00275598531398144, 0.7696661951986861, 0.1106540276850486, 0.0034286747921567465
0.00296, 0.7494411883790083, 480.41012817342335, 475.50573883300734, 486.3186241504184, 12.16548153070337, 498.4841056811217, 10.81288531741093, 457.6625120208409, 17.843226812166463, -0.004175226553939344, -0.004705593146344212, 1.505091723728074, -0.0015573288954094922, 0.0020876954878143606, 6.371997448559673, 0.7503289995215073, 0.0036979272955261094, 0.7793791429614931, 0.11008646876776206, 0.0034285949620414496
0.00297, 0.7518955975144579, 260.7534490182882, 248.44545729102475, 265.0839547135934, 12.29076276763028, 277.3747174812237, 16.638497422568744, 234.77848867302617, 13.666968617998565, -0.0030704812812921583, -0.0036798532242894844, 1.5039995480933972, -0.0015241097261169496, 0.0021334816691142753, 6.372676728395064, 0.7528638947901611, 0.004785705030835426, 0.8083505117856996, 0.1082173059663432, 0.003428676125219445
0.00298, 0.7544251205311907, 30.211365568200353, 16.465830473861722, 34.33018406200552, 12.433793086530205, 46.76397714853573, 17.86435358814394, 5.4859483786861025, 10.979882095175618, -0.0029302205437537108, -0.0036093885926180335, 1.5038740652373601, -0.0014881492872558216, 0.0021673173361201445, 6.372916707818933, 0.7553987900588148, 0.006020404594736328, 0.8403695188404418, 0.10625467224770838, 0.0034287104567882827
0.00299, 0.7568893911146322, 121.11573929608743, 107.86427769210678, 125.2151956852823, 12.529321502801677, 137.74451718808396, 17.350917993175425, 95.08537108402825, 12.778906608078527, -0.002926232636260097, -0.0036778838347432535, 1.5038778947628888, -0.0014488012998652127, 0.0022004524983483694, 6.373695349794237, 0.7579336853274686, 0.007408411711841704, 0.8762234249207735, 0.10417433262069486, 0.0034287006555368043
0.003, 0.759467948231296, 170.07997137385976, 161.8463784939791, 173.3638928157323, 12.678228585119555, 186.04212140085184, 11.517514321753147, 137.24563282928034, 24.60074566469876, -0.002351935485897662, -0.00317999061756936, 1.503318331394313, -0.0014149957348763584, 0.0022430508665480563, 6.374094670781892, 0.7604685805961223, 0.008997592332445637, 0.9086087513021642, 0.10241487855500814, 0.003429031209579166
0.00301, 0.7619827373465725, 115.3240033552047, 111.30097958901956, 118.26612135394736, 12.890289959364345, 131.1564113133117, 6.9651417649278144, 84.56446647342189, 26.736513115597674, -0.0021141605913077618, -0.0030437841457170577, 1.5031013542657907, -0.0014032425246712271, 0.002332866079080523, 6.374785185185177, 0.7630034758647761, 0.010892952377841696, 0.9227114513385145, 0.10174200778436018, 0.003428581704538721
0.00302, 0.7645433319712086, 154.96401959674697, 139.21569335919895, 157.46245809294354, 13.054453917829335, 170.51691201077287, 18.246764733744655, 134.17929588176833, 5.036397477430615, -0.0018013039301638472, -0.0027964495114676767, 1.5028071761025459, -0.0013910635032354584, 0.0023862090845392877, 6.3759306584362125, 0.7655383711334298, 0.012890293715540483, 0.9373098353979954, 0.10105826108474823, 0.0034288126474384673
0.00303, 0.7670111836530865, 220.65110449770964, 212.05371177785995, 222.55093775984844, 13.098995603564981, 235.64993336341342, 10.497225981988576, 192.78683931451292, 19.266872463347017, -0.001374261899701413, -0.0024216447329003825, 1.5023770382059278, -0.0013253329816679466, 0.002372715814866916, 6.3760433127572, 0.7680732664020836, 0.0148508565476143, 1.0006682000610556, 0.09791447973290372, 0.003428594156090556
0.00304, 0.7695501160600484, -76.08787802086505, -85.42958288827718, -75.05752862331265, 13.429473077099104, -61.628055546213545, 10.37205426496445, -108.45884312176848, 23.0292602334913, -7.47772510778942E-4, -0.001891944611951157, 1.5017899715044198, -0.0013496910136081308, 0.002493863114780346, 6.37660730452675, 0.7706081616707373, 0.01748322307764957, 0.9822776218778103, 0.0989354264206522, 0.003428803936435972
0.00305, 0.7720358133856516, -41.77569897091019, -52.04227814728195, -39.389386726747006, 13.485021849063344, -25.904364877683662, 12.652891420534889, -72.79445756798596, 20.752179420704014, -0.0017375547565932287, -0.002951944567072113, 1.5027803737365157, -0.0012846896166215113, 0.0024990794271003954, 6.377640236625522, 0.7731430569393911, 0.019886915802339766, 1.0473587932239856, 0.095917230823917, 0.003428956574763648
0.00306, 0.7745548830291525, 3.385095808867977, -5.123468377655172, 4.68175468075607, 13.778174164030352, 18.459928844786422, 9.805223058411379, -33.435041780845694, 28.311573403190522, -9.472367805491229E-4, -0.002258869558054874, 1.502026632201292, -0.00129770210139599, 0.0026093348789017414, 6.378331841563787, 0.7756779522080448, 0.022911230267384605, 1.0388818164823563, 0.0964129038507479, 0.0034286383198554515
0.00307, 0.7770418115498999, 289.2567796453813, 274.1815931514815, 291.6054931400134, 13.908931495635503, 305.5144246356489, 17.42389998853193, 252.68505795743633, 21.49653519404513, -0.0017213921146685988, -0.0031263489855499023, 1.502810338360476, -0.0012463548381665868, 0.0026513117090478907, 6.379373765432097, 0.7782128474766986, 0.025878637281547608, 1.0932568057835013, 0.09408696455616423, 0.0034293700848355515
0.00308, 0.7795976925076352, 204.92420283425622, 195.07705092746505, 204.33415106642173, 14.115525219829335, 218.44967628625105, 9.257100138956694, 166.71117629632928, 28.36587463113577, 4.3386260855304446E-4, -0.0010727543718416356, 1.5006776518752245, -0.0012226286825555218, 0.002729245662950202, 6.379831820987653, 0.7807477427453523, 0.029197279019987032, 1.121389844528736, 0.0930000160012374, 0.003428591902723826
0.00309, 0.7821034643432648, -74.5717233178608, -85.83024549304886, -73.56458209720216, 14.328225488395763, -59.2363566088064, 12.265663395846657, -113.59397653053163, 27.763731037482767, -7.429511194614567E-4, -0.002337327689742637, 1.5018744542965674, -0.0012100945880815595, 0.00280447115836274, 6.380815298353907, 0.7832826380140061, 0.032723976824774965, 1.1383762551987793, 0.09240334069674477, 0.003428572214671069
0.0031, 0.7846540971420297, 45.2827950429309, 31.99345409105238, 45.17765795306871, 14.518759086223573, 59.696417039292285, 13.184203862016275, -1.4394120886213433, 33.432866179673724, 7.780885712548339E-5, -0.0016302539925120423, 1.501073818278048, -0.0011718967811939608, 0.0028799596308314865, 6.38144541152263, 0.7858175332826598, 0.036437678247545895, 1.18278784156817, 0.09074963758251207, 0.0034291242160401788
0.00311, 0.7871386409035775, 160.3281747037027, 152.0320202423314, 161.03763144678197, 14.768443426238015, 175.80607487301998, 9.00561120445058, 115.61337339144535, 36.41864685088606, -5.267416994184679E-4, -0.0023547181439077724, 1.501708066210825, -0.0011547052760152248, 0.0029826817205045294, 6.38186791152263, 0.7883524285513136, 0.04057223439737439, 1.2054598815365725, 0.08998874107130982, 0.003428942633206651
0.00312, 0.7896224891736069, 238.75499425986322, 221.8238171091096, 237.6227864160661, 15.016537929328521, 252.63932434539464, 15.798969306956486, 201.8480841428691, 19.975732966240482, 8.433195027553412E-4, -0.001093383678583107, 1.5003643191876819, -0.001136323912433426, 0.0030730270937718743, 6.383220534979427, 0.7908873238199673, 0.04486657245779739, 1.229738071880418, 0.08919140031799977, 0.0034285714328459852
0.00313, 0.7920757516958941, 110.06348651922923, 95.84058122558554, 109.24281897474981, 15.131249990507902, 124.3740689652577, 13.402237749164287, 66.98783227302836, 28.85274895255718, 6.132294263115623E-4, -0.001397973403293286, 1.5006005292700506, -0.001086554881830251, 0.0030977577114350992, 6.383638333333334, 0.7934222190886211, 0.04903543411198966, 1.2903054545776222, 0.08716583063568782, 0.003428572160471016
0.00314, 0.7946426197900487, 220.70032897312785, 208.1421385220896, 218.87429132885032, 15.45590679065364, 234.33019811950396, 10.732152806760757, 166.70515398802473, 41.43698453406487, 0.0013688339407592468, -7.824730769864443E-4, 1.4998815393786942, -0.0010792757835406581, 0.0032305828012863494, 6.38505572016461, 0.7959571143572748, 0.054143697852009086, 1.3027915664597656, 0.08683940529076338, 0.003428662256294552
0.00315, 0.7970600182653315, 224.66686384891136, 213.28632996681256, 222.45013496202785, 15.666316130858482, 238.11645109288634, 9.163804995215242, 168.06441203150735, 45.22191793530521, 0.0016669958752539848, -6.069988293595525E-4, 1.4996051243922202, -0.0010421869948018746, 0.003316181699415412, 6.385825740740737, 0.7984920096259286, 0.0590568994521759, 1.3508745765944796, 0.08537035700386959, 0.003428779796552186
0.00316, 0.7995816970422926, 259.58464236099815, 245.52040657807405, 256.3482197407419, 15.985411600955386, 272.3336313416973, 10.827813162667788, 202.24812107666452, 43.272285501409534, 0.0024415391986744896, 1.6121420171647303E-5, 1.498868443135618, -0.0010421388979495532, 0.0034675566764523955, 6.386818899176952, 0.8010269048945823, 0.06472827089687837, 1.354898413107997, 0.08533360390420587, 0.0034286127553415273
0.00317, 0.8020700612828258, -0.5162745795670465, -24.122604666670984, -4.356775791208424, 16.173688034409057, 11.816912243200633, 19.76582887546254, -51.87922809744014, 27.756623430769157, 0.002906421244728825, 3.587668509573106E-4, 1.4984214257464636, -9.9708381098026E-4, 0.003544738204751774, 6.387128168724285, 0.8035618001632361, 0.07007611376408085, 1.4143925696906239, 0.08360762076113608, 0.003428571549892183
0.00318, 0.8045939912023108, 43.12006344465245, 25.604782956156214, 39.90724269357749, 16.402792780096714, 56.310035473674205, 14.302459737421273, -14.750907986876777, 40.35569094303299, 0.002439074169134566, -2.2932013443808787E-4, 1.498910155782221, -9.540547664504917E-4, 0.0036224490700231455, 6.388831368312756, 0.8060966954318898, 0.07570244006140081, 1.4734516354101446, 0.08200094510893366, 0.0034286553241033393
0.00319, 0.8071138558481833, 235.76061852252946, 221.9094863579362, 231.67385046303224, 16.704708120359633, 248.37855858339188, 9.764364105095977, 167.06413143505563, 54.84535492288059, 0.0031123043820384024, 2.868941883246899E-4, 1.4982692367950563, -9.347949404558425E-4, 0.0037602051341695548, 6.389798724279834, 0.8086315907005436, 0.08206643715385087, 1.5026897389434501, 0.08128429832012998, 0.003428576784889591
0.0032, 0.8095901805898518, 48.192597333552534, 37.62975073282326, 43.52635284640598, 16.99717423462397, 60.52352708102995, 5.896602113582769, -11.927575136905785, 49.55732586972905, 0.003564748203862463, 5.701510451438773E-4, 1.4978527209953016, -9.132941453719808E-4, 0.003907891304090566, 6.390869814814812, 0.8111664859691973, 0.08863143861353662, 1.535347358583623, 0.08049911333934401, 0.003428571750710829
0.00321, 0.8120588386035568, 60.70716402583644, 47.57862219213664, 56.3455932917345, 17.295110131737598, 73.6407034234721, 8.766971099597882, -1.0029373493096605, 48.5815595414463, 0.003342407084620568, 2.3350765609268272E-4, 1.4981087361754886, -9.123488276497329E-4, 0.004021248256177618, 6.392000380658434, 0.8137013812378511, 0.09528234137678819, 1.5404480837878511, 0.08044935591903103, 0.0034285857554499344
0.00322, 0.8145429740887424, 79.85213327617038, 47.05867321622456, 74.83780854344188, 17.57359869861365, 92.41140724205553, 27.779135327217364, 11.392799267113636, 35.665873949110924, 0.0038546035609365336, 5.66817248403202E-4, 1.4976274791885587, -8.771193581502864E-4, 0.004164905670683618, 6.392857119341565, 0.8162362765065048, 0.10243409043676258, 1.5926192367795151, 0.07920277641021596, 0.0034286120226236553
0.00323, 0.8170362248466959, 88.61971718923924, 65.2463304656339, 83.7907126313474, 17.760578827291866, 101.55129145863927, 18.54438216571353, 10.71929236369471, 54.52703810193919, 0.003723672936440628, 2.9142486969047755E-4, 1.4977696913142469, -7.851611729092875E-4, 0.004217409239659438, 6.39394806584362, 0.8187711717751586, 0.10898555843292387, 1.7297623683877323, 0.07607676652736202, 0.003428592603802521
0.00324, 0.8195651255202504, 151.40523897710045, 141.1656169658679, 145.8748315748874, 18.170506931672705, 164.04533850656009, 4.709214609019513, 69.922165658884, 71.24345130698393, 0.004277731542318731, 6.198025877442952E-4, 1.4972690357420608, -7.934381345917531E-4, 0.004451367089166189, 6.396002901234566, 0.8213060670438123, 0.1173706923568526, 1.7209543113870764, 0.07634983336907251, 0.003429279303475447
0.00325, 0.8220122211230552, 98.1660583609843, 83.11345552913258, 92.43504620666653, 18.46495173991537, 110.89999794658189, 9.321590677533825, 17.769064056977573, 65.34439147215501, 0.004446579702237085, 6.291045604791865E-4, 1.4971327354613004, -7.675740956790189E-4, 0.004585049237436918, 6.396874814814808, 0.8238409623124661, 0.12517363977991786, 1.7637014486783418, 0.07549641772078224, 0.0034286095845420398
0.00326, 0.8244864637218514, 97.57155720819182, 80.60752004099912, 91.47283292893106, 18.8487952348347, 110.32162816376575, 10.865312887931873, 9.034362308946784, 71.57315773205234, 0.004746439945278675, 7.085150317877024E-4, 1.4968792988855635, -7.536543504739743E-4, 0.004791579263964946, 6.39846540123457, 0.8263758575811198, 0.1338391723179293, 1.7886706597799915, 0.07504442521806733, 0.003428850230412909
0.00327, 0.8269774420660309, 106.80039823930957, 86.06215265372916, 100.5076702131027, 19.167418530632876, 119.67508874373557, 14.445517559373615, 12.00614446465431, 74.05600818907484, 0.004912449571282807, 6.765871810401738E-4, 1.4967464892802995, -7.203196943703121E-4, 0.004956182084612945, 6.3994732201646105, 0.8289107528497736, 0.14244934789614502, 1.844447226742155, 0.07397651950762517, 0.00342876045632495
0.00328, 0.8294168439525618, 140.42133370743116, 122.63329223787811, 133.708574830853, 19.53600755474929, 153.24458238560229, 11.075282592974983, 44.593285122655345, 78.04000711522276, 0.005256374284397747, 7.699782968547265E-4, 1.4964488596489087, -6.89087709763142E-4, 0.005175483697306162, 6.401033858024693, 0.8314456481184272, 0.15185545158984584, 1.8981739753324818, 0.07299633142459694, 0.0034286758607338067
0.00329, 0.8319363377869818, 122.58709919588863, 109.37256805240258, 115.47899970657397, 19.888825884006025, 135.36782559058, 6.106431654171443, 32.46682063114721, 76.90574742125538, 0.0055829120525356345, 8.941994233344479E-4, 1.4961630928128544, -6.716408695737883E-4, 0.005360353498774975, 6.402851316872423, 0.833980543387081, 0.16112160438391274, 1.9301937945880423, 0.07246182518296639, 0.0034285714425002036
0.0033, 0.8343986613100979, 107.41286317763759, 83.2968475373291, 99.9978355718515, 20.267336719264637, 120.26517229111613, 16.700988034522304, -0.26097559744050874, 83.5578231347696, 0.0058416845682874126, 9.304318093083093E-4, 1.4959511614772194, -6.640145695100095E-4, 0.005575267328489113, 6.404362304526746, 0.8365154386557347, 0.17092610974375141, 1.946161584759094, 0.07223698743226789, 0.0034286415915936452
0.00331, 0.836907965181849, 134.01758077455833, 110.14201329877662, 126.30341020555599, 20.624633152478573, 146.92804335803456, 16.161396906779373, 18.965884880364825, 91.17612841841179, 0.006095770696326868, 8.98592337306152E-4, 1.4957367531333634, -5.959238562917068E-4, 0.005793102215312423, 6.40627513374486, 0.8390503339243885, 0.18111749140796482, 2.0658384156983085, 0.07018412941405021, 0.0034288940711569463
0.00332, 0.8393950027052903, 138.2089142800039, 120.87027143445675, 130.03122069127343, 21.036482612224376, 151.0677033034978, 9.16094925681663, 30.74025663849724, 90.13001479595951, 0.006481571381532062, 0.0010264168001234567, 1.495401823317756, -5.904503317368743E-4, 0.00604560491314548, 6.407709259259256, 0.8415852291930422, 0.19177415990532495, 2.0785962403257243, 0.07003880372922705, 0.003428765521151267
0.00333, 0.8418043808639594, 139.56934673110888, 119.0831882620221, 131.07142394762607, 21.40436850165439, 152.47579244928045, 11.988235685603957, 20.371516263908923, 98.71167199811318, 0.006755669652937668, 0.001051549484919744, 1.4951721069549329, -5.557404752718733E-4, 0.006259860643289797, 6.409141995884773, 0.844120124461696, 0.20242708391145423, 2.143755073009207, 0.06903535923403728, 0.0034288973973037435
0.00334, 0.8442952075421857, 152.55923007916036, 130.72923320496105, 143.5947601243078, 21.857302137040726, 165.45206226134854, 12.865526919346667, 16.667496638600728, 114.06173656636032, 0.007147965924622942, 0.0011299992379958386, 1.4948411322717132, -5.36548503319702E-4, 0.006554515189946805, 6.410924629629629, 0.8466550197303497, 0.2141099750041142, 2.181788149540547, 0.06849943039605381, 0.003428690645011082
0.00335, 0.8466695633829446, 161.58520950056533, 142.16511285032965, 152.22721921083962, 22.27249407062553, 174.49971328146515, 10.062106360510093, 19.35976515476387, 122.80534769556577, 0.007484086320379432, 0.0011378973817927388, 1.4945555034526077, -4.975249744203368E-4, 0.00684371391300703, 6.4130289609053515, 0.8491899149990035, 0.22611633137982337, 2.257620606728357, 0.06740630936089315, 0.003429240839873417
0.00336, 0.8491506966504824, 164.98428260024284, 146.23650470959416, 155.1113558623801, 22.73645938599461, 177.8478152483747, 8.874851152786194, 23.505890167423058, 122.73061454217111, 0.007919478469299576, 0.0012292287248449384, 1.4941852770701742, -4.914757827187028E-4, 0.0071817255271733405, 6.4148905349794285, 0.8517248102676572, 0.2385481422281492, 2.2718926275197093, 0.06726104624847205, 0.003428607014705146
0.00337, 0.8516019483601919, 154.26266919095656, 128.28462321313324, 143.98108072728124, 23.17626437195028, 167.15734509923152, 15.696457514147786, 15.821137234417895, 112.46348597871535, 0.008271828243628397, 0.0012574465777982421, 1.4938849706666621, -4.5807613260282626E-4, 0.007472457798432982, 6.416947170781887, 0.854259705536311, 0.2511867156349259, 2.339069435419193, 0.0663538566819317, 0.0034286742623437657
0.00338, 0.85403756536758, 192.34470748473052, 171.5694214718337, 181.61740357258915, 23.596178634406208, 205.21358220699537, 10.047982100755412, 34.06460819630181, 137.5048132755319, 0.008656028459388293, 0.0013122316816968854, 1.493554760108471, -4.1924927136219027E-4, 0.007763046049053597, 6.4190265329218095, 0.8567946008049647, 0.26392420353701734, 2.418739280237425, 0.06531638372295342, 0.003428956955331242
0.00339, 0.8564890318264797, 207.84364834116428, 189.56195882024383, 196.48794118119952, 24.121579957480687, 220.6095211386802, 6.925982360955539, 35.5560201235584, 154.00593869668543, 0.009190206572841184, 0.0014278577856732281, 1.49309658158328, -4.1258131693910585E-4, 0.008174930104107062, 6.421209413580242, 0.8593294960736185, 0.27806967903260493, 2.434651070746829, 0.06516673503561365, 0.0034288988368105216
0.0034, 0.8589384796015681, 211.4920210379458, 192.12391665896655, 199.6052092173984, 24.593860409675713, 224.1990696270741, 7.481292558431868, 30.667151326799935, 161.4567653321666, 0.00964840878010079, 0.0014904231122155472, 1.4927022861475463, -3.8861424957132727E-4, 0.00854659991745657, 6.4233411008230465, 0.8618643913422722, 0.29214191732486167, 2.4859699863043683, 0.06455394566181943, 0.0034286015434914067
0.00341, 0.8613406738069227, 222.01356023865029, 199.5085681308144, 209.48403305594073, 25.13412681072095, 234.61815986666167, 9.975464925126388, 28.4861197170884, 171.022448413726, 0.01020000659002171, 0.0015830498421771882, 1.4922308819771664, -3.791467423713235E-4, 0.008996103490215845, 6.4255195987654306, 0.864399286610926, 0.30730223729600964, 2.507822888218352, 0.06433502231595874, 0.0034285765931112624
0.00342, 0.8637777993802337, 235.14305163728773, 210.84079086995155, 222.02742842248242, 25.639461431637486, 247.66688985411992, 11.186637552530804, 34.49067492319423, 176.3501159467573, 0.010708445446463134, 0.0016357190648975018, 1.4917905704312995, -3.432086475564792E-4, 0.009415935029122111, 6.428011162551439, 0.8669341818795797, 0.32239002706386544, 2.5855334023072336, 0.06342269894834003, 0.0034286100202175693
0.00343, 0.8661886012420182, 230.66830869377597, 205.5045631036375, 216.8407434675995, 26.16613523860058, 243.0068787062001, 11.336180363962093, 32.98210635012801, 172.5224567535095, 0.011322731960075324, 0.0017572962928819014, 1.4912550044965025, -3.277415505938079E-4, 0.00989317721778723, 6.4306601954732425, 0.8694690771482335, 0.3382616411226713, 2.6207184310028326, 0.0630568520106363, 0.0034289886282714314
0.00344, 0.8686181381032021, 245.3152021972007, 220.3291481209852, 230.93473778775024, 26.673677452648857, 257.6084152403991, 10.605589666765143, 29.80492053154887, 190.52422758943632, 0.011809805492760984, 0.0018034436482881374, 1.4908356375315623, -2.909934027848303E-4, 0.010297355247257677, 6.433193930041151, 0.8720039724168872, 0.35389317900125, 2.702895264338794, 0.06215116866184767, 0.003428583900464552
0.00345, 0.8710032737361388, 280.3910457913042, 258.3233725517811, 265.2215232493537, 27.2570233902266, 292.4785466395803, 6.898150697572563, 37.70639107811156, 220.61698147366957, 0.012494025771433492, 0.0019100894433036625, 1.4902422719752682, -2.78795412106922E-4, 0.010862731740236753, 6.435663713991768, 0.874538867685541, 0.37131903210034933, 2.7318040271862483, 0.06188128949597852, 0.0034285748076308474
0.00346, 0.8734634025602868, 272.3832093815748, 245.04706573869373, 256.46511155373213, 27.81955450068765, 284.2846660544198, 11.418045815038264, 32.95349469298474, 212.09357104570898, 0.013148574120852746, 0.0019945513863552865, 1.4896735811511879, -2.5967336462106227E-4, 0.011413696099118522, 6.438598384773669, 0.8770737629541947, 0.38876714685497166, 2.7764687948318847, 0.061440781116013796, 0.0034286206912349823
0.00347, 0.8758252957793378, 280.64764014284697, 246.10433605871026, 263.99561796493316, 28.37641373610965, 292.37203170104283, 17.891281906223018, 27.465227892359618, 218.63910816635064, 0.013794559797082863, 0.0020789599892449538, 1.4891113553165645, -2.2577926125716616E-4, 0.011941379069095075, 6.441390987654324, 0.8796086582228485, 0.40647471329270024, 2.855660532295944, 0.06064117798880014, 0.0034286363844459413
0.00348, 0.8782591224751568, 329.0751563292473, 304.73288822375093, 311.635624350169, 28.947728133092806, 340.5833524832618, 6.902736126417902, 49.593220449396476, 255.13966777435448, 0.014488567896727032, 0.002137670668145898, 1.488500885976849, -1.7555010740281403E-4, 0.012526447335983949, 6.4443918827160545, 0.8821435534915022, 0.42485866824086455, 2.9757477157670635, 0.059461991981963044, 0.0034285909516387912
0.00349, 0.8805936902714585, 347.72243894843643, 325.89759774794203, 329.28002631693334, 29.586943091262565, 358.8669694081959, 3.382428568991054, 50.035781957297516, 275.8618157906445, 0.015365777930439, 0.002328035638206013, 1.4877333346038495, -1.9383003265904838E-4, 0.013231572324892036, 6.447154732510285, 0.884678448760156, 0.4447380130885851, 2.9332806623156005, 0.05994819250277598, 0.0034285740449124156
0.0035, 0.8830220021256274, 341.9490009469855, 311.8884352770383, 322.62213807093946, 30.189610066807973, 352.81174813774743, 10.733702793901116, 35.08124568619548, 276.8071895908428, 0.016148820246205436, 0.0023899151074875044, 1.4870444691446514, -1.6051097443663522E-4, 0.013919416113154566, 6.450474413580248, 0.8872133440288097, 0.46454995313119435, 3.014347738498836, 0.059193011110964575, 0.0034286826713519607
0.00351, 0.8853907874302892, 368.72652311129303, 340.12877669043223, 348.44076809622595, 30.813893724832983, 379.25466182105896, 8.311991405793972, 50.30472922283244, 289.82404746759977, 0.01699846414402044, 0.002509192905786462, 1.4862998644264456, -1.4349758250739822E-4, 0.014632768820741375, 6.453663497942385, 0.8897482392974635, 0.4850287943291527, 3.0568842473300673, 0.05883566082227383, 0.0034286031021834302
0.00352, 0.8877187716069592, 407.6638886349065, 380.4187351677767, 386.35180041661454, 31.45796786668471, 417.80976828329926, 5.9330652488379565, 55.037746574879115, 325.38098859289755, 0.017909359710272944, 0.002644399892463464, 1.4854955503390632, -1.2164178890432854E-4, 0.01538660160671381, 6.456856491769542, 0.8922831345661172, 0.5063367614144005, 3.1118168491837266, 0.05836936486522412, 0.0034285729503775028
0.00353, 0.8900975972318526, 405.29518383511873, 372.88004015657856, 382.81465185903267, 32.13603042859598, 414.95068228762864, 9.934611702453983, 42.49318141814405, 330.3868587384345, 0.01894491583390972, 0.00278700378789639, 1.4845824843471593, -1.158604291740845E-4, 0.016273772475187413, 6.460262860082309, 0.894818029834771, 0.5289849032320433, 3.1270225620351804, 0.05828236345703972, 0.003428597893932432
0.00354, 0.892426417274312, 426.7838947796305, 394.93496403277396, 403.30241054090465, 32.77934224888986, 436.0817527897945, 8.367446508130826, 51.36132766702645, 343.5736363657475, 0.019844501667833872, 0.0028630802783085373, 1.483790334737641, -7.486394512648634E-5, 0.01705628533465182, 6.463976851851844, 0.8973529251034247, 0.5509187767250953, 3.23156744308264, 0.05738594914159215, 0.0034289058503412183
0.00355, 0.8947682973046186, 464.46895740272504, 431.4223213779741, 439.71066000239375, 33.46754586183291, 473.17820586422664, 8.288338624420001, 57.739643091213075, 373.682678286761, 0.020982658828495405, 0.0030484116581481874, 1.4827777378782014, -7.633177513126084E-5, 0.01801057894547848, 6.467594588477374, 0.8998878203720785, 0.5748602784730978, 3.228288772657781, 0.05746909485129429, 0.003428709501964584
0.00356, 0.8970791873815602, 494.70396266074835, 464.0494210847212, 468.745020707618, 34.15385846683345, 502.89887917445145, 4.695599622896386, 63.63715962282391, 400.4122614618973, 0.022062177582335352, 0.0031559409168051386, 1.4818162696436503, -3.572008143336222E-5, 0.018941956746963577, 6.471082674897121, 0.9024227156407322, 0.598861986686631, 3.3342880342892167, 0.05660127352138778, 0.003428650403066028
0.00357, 0.8994294323966886, 524.5151608290522, 496.88969651128036, 497.1241146037326, 34.87496563512935, 531.999080238862, 0.23441809245184583, 71.81681130361338, 425.07288520766696, 0.0233446962592336, 0.00336998671884779, 1.4806767587499414, -5.411261302312302E-5, 0.020028822153408933, 6.475084794238688, 0.904957610909386, 0.6245595550469949, 3.2864220319144923, 0.05706530802393901, 0.0034290799970982033
0.00358, 0.9017639561471995, 536.2460320560303, 494.2212992778701, 507.50185982985, 35.57987488194923, 543.0817347117992, 13.280560551980594, 53.30750417383582, 440.9137951040343, 0.024566552999512877, 0.003517720409703692, 1.4795891535118044, -3.490396938213266E-5, 0.021083736559191317, 6.479330751028815, 0.9074925061780397, 0.6501014068414019, 3.336841866177211, 0.05668536617890857, 0.0034286588217410587
0.00359, 0.9040521113976708, 568.3131109932799, 526.2097571341221, 538.0872180502405, 36.32829123324772, 574.4155092834882, 11.87746091611846, 60.36311250537744, 465.8466446287447, 0.025905082460687567, 0.003644163371970478, 1.4783882856578745, 9.102398500886954E-6, 0.022251816690216204, 6.483075689300412, 0.9100274014466935, 0.6772570159675401, 3.4543517152889898, 0.055764690919581146, 0.003428884944382269
0.0036, 0.9063900489524344, 603.5137138088828, 568.6946306423683, 571.77193636733, 37.05335868441439, 608.8252950517444, 3.077305724961033, 75.36635784633576, 493.3282727960326, 0.02728004822466828, 0.0038262347875778323, 1.4771515510565119, 2.1857438844250714E-5, 0.0234319559982462, 6.487706358024688, 0.9125622967153472, 0.7046144088261866, 3.488891965482562, 0.05553944044223876, 0.0034288421527288427
0.00361, 0.9085603669118925, 622.5769924509611, 582.7038549832716, 589.1749896970307, 37.81583394079615, 626.9908236378269, 6.471134713759007, 71.48957578120257, 511.2142792020691, 0.028786648183980502, 0.0040252680837237756, 1.4758061488491443, 2.3916881242664452E-5, 0.02473746321901406, 6.4914675, 0.915097191984001, 0.7331796089758733, 3.4942804891315786, 0.05554793851929837, 0.0034286948511512787
0.00362, 0.9108545220051422, 653.9571209337296, 610.5263664966697, 618.9510605363233, 38.570987297959576, 657.522047834283, 8.424694039654332, 66.10062596080746, 544.4257405358622, 0.030252634398783965, 0.004189873022734919, 1.4744884437499404, 5.2887334654689076E-5, 0.026009874041394355, 6.49610546296296, 0.9176320872526547, 0.7620774220500036, 3.5737512202086883, 0.05497751752643052, 0.0034286528891763245
0.00363, 0.9131988238130072, 694.2838205104856, 650.4291260611452, 657.4627812927545, 39.35697752607261, 696.819758818827, 7.033655231609537, 70.03769309190746, 580.3914329692377, 0.031909063434982926, 0.004364023794356572, 1.4729955947874824, 6.443402747518559E-5, 0.02748060561315117, 6.500949763374484, 0.9201669825213085, 0.7926969597645566, 3.605465762161714, 0.05478554011446293, 0.0034285880322461717
0.00364, 0.9153450889412238, 728.6910702760568, 682.6945219719782, 690.0626046033041, 40.13831834472981, 730.2009229480338, 7.368082631325653, 76.86606740257027, 605.828454569408, 0.033567595457073066, 0.004548322582718194, 1.471500454500198, 8.682557301397516E-5, 0.028932447301340897, 6.505170946502054, 0.9227018777899622, 0.8237061852154569, 3.667958389136551, 0.05436666440611514, 0.0034285955951260357
0.00365, 0.917620158600914, 775.1966453728793, 731.5225245266623, 734.5845374918148, 40.94853828114349, 775.5330757729582, 3.062012965152849, 87.35387293938399, 644.1686515872783, 0.03538830700962367, 0.004756023015272716, 1.4698567513717555, 1.0009109421972497E-4, 0.03053219290013123, 6.510193549382721, 0.925236773058616, 0.8559659587924072, 3.7049801370307045, 0.05414384660622161, 0.003428580066395942
0.00366, 0.9198334856741543, 800.9236858580094, 751.4606513648753, 758.2702574546548, 41.76011045228829, 800.0303679069431, 6.809606089779779, 87.67875711213543, 663.7818942527398, 0.03726888679645353, 0.004991467003097609, 1.4681563075345159, 1.0199405234233049E-4, 0.03217542574101359, 6.51521564814815, 0.9277716683272696, 0.8890251374689785, 3.709567032190255, 0.05415973250087416, 0.0034293279929164693
0.00367, 0.9220143959720023, 879.4621580301762, 829.1201696943323, 834.7066628031885, 42.57735897586518, 877.2840217790537, 5.586493108855698, 95.82302450474847, 733.2971451895838, 0.03921243591893415, 0.005201934019202428, 1.4663944720440338, 1.3316191285895747E-4, 0.03387733998687276, 6.520205853909466, 0.9303065635959235, 0.9228365407966872, 3.798558345597893, 0.053570255099457814, 0.0034290544795942952
0.00368, 0.9241678652680648, 916.7870552134438, 869.8320210481149, 869.5857532795089, 43.445618100676135, 913.0313713801851, -0.24626776860574895, 103.71717958484723, 766.1148414632677, 0.041468009287836574, 0.005477336657729588, 1.4643425663532386, 1.2939327012625768E-4, 0.03586127935998073, 6.525310504115225, 0.9328414588645771, 0.9594417350550238, 3.7864928801655293, 0.05370422591428153, 0.003428732706385014
0.00369, 0.9263003860947605, 922.155727267968, 862.6306604876131, 872.6737737212705, 44.28282756412569, 916.9566012853962, 10.043113233657547, 87.58800677054597, 775.0426537170671, 0.04358977166693061, 0.005726915207646175, 1.4624200978720383, 1.3268929517218744E-4, 0.03773016716411225, 6.530363806584354, 0.935376354133231, 0.9952643314883564, 3.794954518255921, 0.053692867070731586, 0.003428608854002751
0.0037, 0.9284063483331998, 968.3718879165885, 906.5528440986178, 916.4411026024698, 45.14555810897001, 961.5866607114398, 9.888258503851496, 93.25457956379469, 813.2982645348231, 0.04587097855669254, 0.005926578775549902, 1.4603346580392043, 1.780647867529695E-4, 0.03976633499438967, 6.535812181069955, 0.9379112494018846, 1.032519568462258, 3.927284629455878, 0.0528281594000577, 0.0034286719949122844
0.00371, 0.9304965728209554, 1033.2056579543985, 977.6014020875898, 978.7701198558417, 46.004946730402445, 1024.775066586244, 1.1687177682509013, 111.96001841360349, 865.6413836739863, 0.048213406848325285, 0.006204208587701125, 1.4582060472260885, 1.8086476411676735E-4, 0.04182833349650739, 6.541077808641977, 0.9404461446705384, 1.0705812337550982, 3.9341429461458435, 0.05282960081016057, 0.0034286909706097413
0.00372, 0.9325672408519761, 1103.4087524482945, 1044.434404654149, 1046.2022957758948, 46.90213370783959, 1093.1044294837343, 1.7678911217454447, 117.0647792406776, 927.3696254134712, 0.05080417218751124, 0.006494594354722751, 1.4558381012724277, 1.846200152553445E-4, 0.04412495781753314, 6.546769938271606, 0.9429810399391921, 1.1107112797784509, 3.943829627794838, 0.052812047002696115, 0.0034286500344804516
0.00373, 0.9345879119743866, 1115.9112814739124, 1052.5351217260034, 1055.8512221187882, 47.79319942018397, 1103.6444215389722, 3.3161003927867316, 120.2007288916301, 932.3343928343731, 0.05348179556441551, 0.006798068909994707, 1.4533892882214974, 1.9029840317016851E-4, 0.046493428251250635, 6.5522805246913585, 0.9455159352078459, 1.151522816275853, 3.9592374126282435, 0.052756373233846125, 0.003428755712124249
0.00374, 0.9366169076245181, 1154.1510458642215, 1086.366653506391, 1091.2830660645407, 48.678831385491286, 1139.961897450032, 4.916412558149677, 123.6210721245513, 962.7455813818398, 0.05613225608246877, 0.007104961331348664, 1.450964107951097, 2.014735951074044E-4, 0.04882582115601271, 6.558315236625517, 0.9480508304764996, 1.1923600114526636, 3.9911218737663896, 0.05259213477734783, 0.0034288793595401777
0.00375, 0.9386358047497549, 1281.974430100857, 1213.0948807256757, 1216.0792188176845, 49.58567328921773, 1265.6648921069022, 2.984338092008213, 129.54698926154393, 1083.5478914641317, 0.058992460885134664, 0.007426310496585154, 1.4483452111000283, 2.1484994290174394E-4, 0.051351300445647764, 6.564453004115223, 0.9505857257451534, 1.2350262424036529, 4.029752383859333, 0.05238605195065996, 0.0034286137825464435
0.00376, 0.940573121236683, 1318.0540353958181, 1241.8942917415511, 1248.7014468179395, 50.54962879961285, 1299.2510756175525, 6.807155076388371, 124.98108727925707, 1116.913204462294, 0.06225323310650778, 0.0077631096317732065, 1.445344494320983, 2.1686862624556333E-4, 0.05427325484848901, 6.5702191049382765, 0.9531206210138071, 1.2812705405444544, 4.0340551963505416, 0.05240460566691053, 0.003429015669413101
0.00377, 0.9425100644203959, 1334.0606584994375, 1259.5575166351377, 1261.522694833705, 51.46923634525789, 1312.991931178963, 1.9651781985687382, 136.89693805072372, 1122.660578584414, 0.0652857053349986, 0.008064344367929174, 1.4425591304511431, 2.4850527078833565E-4, 0.056972855696281084, 6.576569578189299, 0.9556555162824609, 1.3256091956064548, 4.128760977470369, 0.05184597027466707, 0.0034287176075091822
0.00378, 0.9443691979419778, 1407.8769444290472, 1340.6218985699197, 1331.8327787616365, 52.4064337498156, 1384.239212511452, -8.789119808282804, 159.43453123037045, 1181.1873673395492, 0.06862290355204621, 0.008459526031055108, 1.4394947440543093, 2.275699913253323E-4, 0.05993580752966578, 6.5827619444444485, 0.9581904115511146, 1.372436071303569, 4.062743826208207, 0.05231167677350868, 0.0034289957406448035
0.00379, 0.9462267481948285, 1441.9840376363481, 1361.2246856091924, 1362.3994302726564, 53.3403540607128, 1415.7397843333692, 1.174744663462245, 149.3148955789876, 1211.909790030205, 0.0720078225841285, 0.008870347577264463, 1.436383092655294, 2.07744388929059E-4, 0.06292973061793497, 6.589252345679014, 0.9607253068197684, 1.4196546441119549, 4.001423033755611, 0.052757425773222844, 0.003428671887335424
0.0038, 0.947951337964306, 1471.6902445805824, 1382.7035370649003, 1388.4569216922823, 54.29650551676199, 1442.7534272090443, 5.753384627380579, 145.08820405619352, 1237.6153330087068, 0.07550787017552925, 0.009219261364358102, 1.4331570173328727, 2.3427526038588607E-4, 0.06605433355078526, 6.595365915637858, 0.9632602020884221, 1.4681809604287828, 4.0792214994183675, 0.05229782755890082, 0.0034288334619268527
0.00381, 0.9497253754453192, 1522.9071365824225, 1438.4520984784076, 1436.0148880784845, 55.2313380842088, 1491.2462261626933, -2.4372103999227233, 155.98175801966414, 1282.4703404587435, 0.0790346258978821, 0.00961161515129399, 1.4299087407651625, 2.3644780470399678E-4, 0.0691865629418841, 6.601856820987659, 0.9657950973570759, 1.5167027287189563, 4.083853111201151, 0.052313972038554014, 0.0034285720738511916
0.00382, 0.951409845102066, 1596.166357582895, 1510.120461179934, 1505.3954754605948, 56.188607039224294, 1561.584082499819, -4.724985719336673, 163.17864353897417, 1346.9418176409597, 0.08277921613523975, 0.01001447407169811, 1.4264584947675976, 2.238796337360236E-4, 0.07254086242980562, 6.608299701646091, 0.9683299926257296, 1.5672947534859352, 4.0442379356458495, 0.05261551982794478, 0.00342870023167837
0.00383, 0.9531052299441349, 1580.8654656041815, 1484.402792424395, 1486.0918901598832, 57.146145808643624, 1543.238035968527, 1.689097735487802, 159.31827799814673, 1325.0845144262485, 0.0866557588720712, 0.010443167584504236, 1.4228862960141189, 2.1505980438511158E-4, 0.07599753148318186, 6.615253621399179, 0.9708648878943834, 1.6190183739966595, 4.016274490587657, 0.05284440249198312, 0.0034285931009357786
0.00384, 0.9546882883251727, 1602.5638813121502, 1508.1979855407176, 1504.0320899008818, 58.07546841262111, 1562.107558313503, -4.165895639836646, 158.34805084640115, 1349.8499346943165, 0.09032729273166504, 0.010829696327937547, 1.4195034279647645, 2.3306750905420888E-4, 0.07926452889467328, 6.621714351851856, 0.9733997831630371, 1.669037914648166, 4.067970730151193, 0.05255321128239652, 0.003428653449920295
0.00385, 0.9561753240321162, 1652.6910905728466, 1551.404418843802, 1550.0848382149486, 59.01756405335333, 1609.1024022683018, -1.3195806288525684, 143.14671838036526, 1408.2577004634368, 0.09430743777201207, 0.011255628503514057, 1.4158370971742618, 1.963830111568863E-4, 0.08285542625734113, 6.6276526543209915, 0.9759346784316909, 1.721992800806783, 3.958347431914055, 0.05332215771608824, 0.00342859066801725
0.00386, 0.9576710214004088, 1631.3866235630576, 1523.7225592572709, 1524.8021932960296, 59.97359022470684, 1584.7757835207365, 1.079634038759022, 125.27779801701848, 1398.4447612402523, 0.09821831142572315, 0.011571642359886957, 1.4122348255105335, 2.2778714714403222E-4, 0.08641888191869217, 6.634691625514405, 0.9784695737003446, 1.7748002995728422, 4.0485942493426235, 0.052770118378414006, 0.003428737120594587
0.00387, 0.9590110889235317, 1331.2159486689932, 1233.134036957866, 1220.7090225580966, 60.892647427968264, 1281.601669986065, -12.425014399771438, -198.79103822050558, 1431.9250751783718, 0.1020967351290338, 0.01191374262410157, 1.4086710561537212, 2.0271812826256963E-4, 0.08998027437666967, 6.640448240740741, 0.9810044689689984, 1.8276668605275244, 3.973571682444783, 0.05331190761767547, 0.003428639076087756
0.00388, 0.9602798581882901, 939.9281327336854, 856.3366850561134, 827.0311688666472, 61.82207239769312, 888.8532412643403, -29.305516189465806, -565.5144513343411, 1421.8511363904545, 0.10457439938232627, 0.010684054797955578, 1.406521840722913, 1.6950971225843383E-4, 0.09372083487211225, 6.646200504115226, 0.9835393642376521, 1.882080275558678, 3.8773212053880184, 0.05401600309594752, 0.003428758573074711
