#phi0, phi, alpha, zeta, lindemannParameter, xlink, kT/E_Before_Conversion, kT/E
0.00222, 0.736832485616036, 6.99362373148149, 0.7378048549462946, 0.14894459735457988, 3.175E-5, 0.0053993815465464, 5.3993815465464
0.00229, 0.736147751279822, 6.91618609259259, 0.7370899404656701, 0.14430389743119493, 3.35E-5, 0.0051175929477539, 5.1175929477539
0.00233, 0.726646909906991, 6.840407546296294, 0.7275211702633522, 0.1438989988484406, 3.525E-5, 0.0048633603146467, 4.8633603146467
0.0024, 0.727134146989735, 6.773518398148142, 0.7280264661504943, 0.14241108835045263, 3.7000000000000005E-5, 0.0046348147529132, 4.6348147529132
0.00244, 0.719216704128477, 6.70814362037037, 0.7200362041474514, 0.14726372995459835, 3.875000000000001E-5, 0.004424160284949, 4.424160284949
0.00247, 0.709150613883069, 6.64526954629629, 0.7099373611168666, 0.1489211724890799, 4.050000000000001E-5, 0.0042330490922817, 4.2330490922817
0.00254, 0.711117522330361, 6.588410296296295, 0.7118694502897873, 0.14629497078647424, 4.225000000000001E-5, 0.0040590297470378, 4.0590297470378
0.0026, 0.710523215412685, 6.5333229907407375, 0.7112629109296468, 0.14179356390328962, 4.400000000000001E-5, 0.0038961591096322, 3.8961591096322
0.00262, 0.699562536288855, 6.479718805555556, 0.7002593821007275, 0.1474040697897636, 4.5750000000000014E-5, 0.0037471589295779, 3.7471589295779
0.00267, 0.697190226983324, 6.429628666666673, 0.6978297327799606, 0.14510881563082267, 4.7500000000000016E-5, 0.0036090230901179, 3.6090230901179
0.00271, 0.692516195366535, 6.382240037037038, 0.69317288482623, 0.14882170414318524, 4.925000000000002E-5, 0.0034809091230784, 3.4809091230784
0.00276, 0.69077235545017, 6.336879000000002, 0.6914214922388386, 0.1486655567734747, 5.100000000000002E-5, 0.0033613458048184, 3.3613458048184
0.00279, 0.68443815095517, 6.2926649074074055, 0.6850232787427791, 0.14866543289543482, 5.275000000000002E-5, 0.0032498679043929, 3.2498679043929
0.00283, 0.680903930187751, 6.250472574074077, 0.6814619948543046, 0.14791837723293066, 5.4500000000000024E-5, 0.0031455285067343, 3.1455285067343
0.00288, 0.679978078005481, 6.2102339444444405, 0.6805635147212662, 0.14643946893103135, 5.6250000000000026E-5, 0.0030478162230629, 3.0478162230629
0.00292, 0.676973467822194, 6.171699981481482, 0.6775352744643248, 0.14984997702869618, 5.800000000000003E-5, 0.0029556711142861, 2.9556711142861
0.00297, 0.676503392546012, 6.1338332870370404, 0.6770395494318736, 0.14287047464414548, 5.975000000000003E-5, 0.0028691028350255, 2.8691028350255
0.00303, 0.678402962642796, 6.098852759259258, 0.6789406526229551, 0.14473885667642705, 6.150000000000003E-5, 0.0027876355105321, 2.7876355105321
0.00307, 0.675965332779271, 6.064096907407409, 0.6765032635024525, 0.14791582359394229, 6.325000000000003E-5, 0.0027104479139759, 2.7104479139759
0.00309, 0.669388138754615, 6.029756907407409, 0.6699313829563797, 0.14593577723537327, 6.500000000000003E-5, 0.0026373814838739, 2.6373814838739
0.00312, 0.665320450017745, 5.997373361111111, 0.6658185917742881, 0.14906286437932054, 6.675000000000004E-5, 0.0025688221094528, 2.5688221094528
0.00319, 0.669846813683381, 5.966896333333333, 0.670346472715479, 0.1478006653814683, 6.850000000000004E-5, 0.0025026465964086, 2.5026465964086
0.0032, 0.661955574091789, 5.9356667962962995, 0.6624224577767577, 0.14887945858581483, 7.025000000000004E-5, 0.0024402672902334, 2.4402672902334
0.00327, 0.666578335146733, 5.906796249999999, 0.6670690689577273, 0.14736581415608005, 7.200000000000004E-5, 0.002380962212814, 2.380962212814
0.00331, 0.665163318332564, 5.878299620370371, 0.6656440674567052, 0.14773399470595885, 7.375000000000004E-5, 0.0023245298345175, 2.3245298345175
0.00332, 0.65794882106764, 5.849460546296298, 0.6583997797830359, 0.14644944269951335, 7.550000000000005E-5, 0.0022707385702607, 2.2707385702607
0.00335, 0.654910983921378, 5.822250305555556, 0.6553494570688105, 0.14699084106053292, 7.725000000000005E-5, 0.0022193369527499, 2.2193369527499
0.0034, 0.655899238578798, 5.796410694444446, 0.6563212022788073, 0.14958840102999113, 7.900000000000005E-5, 0.0021699962460626, 2.1699962460626
0.00343, 0.653127418033648, 5.770988074074073, 0.6535352224557337, 0.14861162802589303, 8.075000000000005E-5, 0.0021230245916775, 2.1230245916775
0.00347, 0.652361882542665, 5.745407250000002, 0.6527745213374682, 0.1439119464879495, 8.250000000000005E-5, 0.0020779221860335, 2.0779221860335
0.0035, 0.64982174860468, 5.721308268518523, 0.6502460047082966, 0.1495157685891608, 8.425000000000006E-5, 0.0020347672479353, 2.0347672479353
0.00355, 0.651090323675853, 5.69797044444444, 0.6515169871074715, 0.1496888109740114, 8.600000000000006E-5, 0.0019933739490911, 1.9933739490911
0.00357, 0.646976841619103, 5.674504027777775, 0.6473818598421033, 0.14751528304433265, 8.775000000000006E-5, 0.0019536089334125, 1.9536089334125
0.0036, 0.644815297571458, 5.651800657407406, 0.6451990028451542, 0.14909289311655638, 8.950000000000006E-5, 0.0019154322667834, 1.9154322667834
0.00362, 0.640999026114786, 5.629764564814818, 0.641352777307289, 0.14727393964762023, 9.125000000000006E-5, 0.0018786805925212, 1.8786805925212
0.00368, 0.6442785676184, 5.608716314814818, 0.6446576654453753, 0.1464652054910173, 9.300000000000007E-5, 0.0018433409162212, 1.8433409162212
0.00371, 0.642379114656937, 5.587406203703708, 0.6427474706362293, 0.1473207007396693, 9.475000000000007E-5, 0.0018092994885273, 1.8092994885273
0.00374, 0.640567908973522, 5.566916861111111, 0.6409306887043645, 0.14984880301952913, 9.650000000000007E-5, 0.0017764634410145, 1.7764634410145
0.00286, 0.685147115300506, 6.24148522222222, 0.685691308454955, 0.145979420057408, 0.0000549, 0.0031226988743657, 3.1226988743657
0.00341, 0.653910719914252, 5.78399959259259, 0.654316509134814, 0.145657293135452, 0.0000798, 0.0021482293078037, 2.1482293078037
0.00392, 0.639638197763345, 5.47656025, 0.639978043524972, 0.148385866214265, 0.0001047, 0.0016373628381179, 1.6373628381179
0.00432, 0.62102250501095, 5.24702018518518, 0.621304291379989, 0.149539427126415, 0.0001296, 0.0013227698989248, 1.3227698989248
0.00475, 0.615224811773411, 5.06592106481482, 0.615462915360415, 0.143178303111617, 0.0001545, 0.0011096232354862, 1.1096232354862
0.00512, 0.606916308559528, 4.9175207962963, 0.607132466704059, 0.147436054802904, 0.0001794, 0.00095557458439729, 0.95557458439729
0.0055, 0.603628210449893, 4.79203550925926, 0.603833438048365, 0.147197315365335, 0.0002043, 0.00083910218827657, 0.83910218827657
0.00583, 0.597727623464789, 4.68393899074074, 0.597912430386057, 0.148909914777981, 0.0002292, 0.000747945392322918, 0.747945392322918
0.00615, 0.593194760352915, 4.58905911111111, 0.593377364844413, 0.147089639041019, 0.0002541, 0.000674650458567449, 0.674650458567449
0.00645, 0.588660325420389, 4.50489021296296, 0.588840739331467, 0.149976771435268, 0.000279, 0.000614443303600853, 0.614443303600853
0.00671, 0.582224306651179, 4.4292655462963, 0.582383885115558, 0.149899128361015, 0.0003039, 0.000564095544906167, 0.564095544906167
0.00706, 0.584735472466605, 4.36091142592592, 0.584900993460046, 0.145388771004808, 0.0003288, 0.000521376641791625, 0.521376641791625
0.00727, 0.576733835621643, 4.29844902777778, 0.57688511577732, 0.149888745879052, 0.0003537, 0.000484672258047228, 0.484672258047228
0.00759, 0.57843805581611, 4.24121385185185, 0.578571325412462, 0.14840835489586, 0.0003786, 0.000452796197441879, 0.452796197441879
0.00782, 0.57398554755064, 4.18823972222222, 0.5741179646416, 0.149657419898543, 0.0004035, 0.000424853976116699, 0.424853976116699
0.0081, 0.573914320990698, 4.13912488888889, 0.574043415455522, 0.148104368311266, 0.0004284, 0.000400161191930072, 0.400161191930072
0.0083, 0.568845555916002, 4.09331365740741, 0.568952436671369, 0.147166957498917, 0.0004533, 0.000378180374822671, 0.378180374822671
0.00856, 0.568456418519256, 4.05046065740741, 0.568576902023825, 0.149942736713835, 0.0004782, 0.000358489692743673, 0.358489692743673
0.00886, 0.571068610300738, 4.01025896296296, 0.571173699553492, 0.142846880676651, 0.0005031, 0.000340745046553034, 0.340745046553034
0.00898, 0.562569583868848, 3.97228743518519, 0.56268000844189, 0.149398951689421, 0.000528, 0.000324675792499451, 0.324675792499451
0.00924, 0.563385619782034, 3.93651717592593, 0.56348450789122, 0.148970333211147, 0.0005529, 0.000310053507435213, 0.310053507435213
0.00952, 0.565616189731516, 3.90264335185185, 0.565713281359281, 0.147409825480779, 0.0005778, 0.000296692271287774, 0.296692271287774
0.00974, 0.564511179867369, 3.87045637962963, 0.56460615852225, 0.149975556891008, 0.0006027, 0.000284434332885105, 0.284434332885105
0.00991, 0.560875212445167, 3.83984580555556, 0.560955759034289, 0.147668987835992, 0.0006276, 0.000273149677231053, 0.273149677231053
0.01007, 0.557035569806419, 3.81060310185185, 0.557132663186065, 0.147950578491587, 0.0006525, 0.000262726403299444, 0.262726403299444
0.01033, 0.559003261547812, 3.7827780462963, 0.559085756747835, 0.149423709788693, 0.0006774, 0.000253068522438052, 0.253068522438052
0.01057, 0.559981289888659, 3.75609859259259, 0.560081435641992, 0.149356211254643, 0.0007023, 0.000244095992922096, 0.244095992922096
0.01077, 0.559051330739337, 3.73056609259259, 0.559130880449846, 0.145741275199516, 0.0007272, 0.000235738215364921, 0.235738215364921
0.01093, 0.556242437393075, 3.70601872222222, 0.556340906667206, 0.148176475352394, 0.0007521, 0.000227933380732266, 0.227933380732267
0.01117, 0.55772533674994, 3.6825330462963, 0.557802297027788, 0.149202730449176, 0.000777, 0.000220629269060681, 0.220629269060681
0.01139, 0.558284978237097, 3.6598640462963, 0.558367618543972, 0.148126459143658, 0.0008019, 0.000213777997484126, 0.213777997484126
0.01156, 0.556561100280449, 3.63806869444445, 0.556638215471697, 0.149197489427062, 0.0008268, 0.000207340338726229, 0.207340338726229
0.01168, 0.552652389492564, 3.61701124074074, 0.552726791551575, 0.14711683877319, 0.0008517, 0.000201278343404932, 0.201278343404932
0.01189, 0.553165750111604, 3.59668485185185, 0.553249418532213, 0.149745121016443, 0.0008766, 0.000195560996247757, 0.195560996247757
0.0121, 0.553795725976947, 3.57709085185185, 0.553865539914381, 0.149833219639803, 0.0009015, 0.000190159473473263, 0.190159473473263
0.01226, 0.552243778095287, 3.55809862962963, 0.552311905218674, 0.1481545487227, 0.0009264, 0.000185048448671512, 0.185048448671512
0.01234, 0.547280889724405, 3.53969738888889, 0.547358043688537, 0.149888221758421, 0.0009513, 0.000180205376714967, 0.180205376714967
0.00185, 0.798671318105084, 7.69810848148149, 0.800292255271387, 0.144247437830543, 0.000020417, 0.0083966054932968, 8.3966054932968
0.00186, 0.793377667747894, 7.66145700000001, 0.794959820938063, 0.146561864348956, 0.000020834, 0.0082356615200334, 8.2356615200334
0.00187, 0.788220302281858, 7.6271342037037, 0.789827594431643, 0.149659745784908, 0.000021251, 0.0080671773223083, 8.0671773223083
0.00189, 0.787512773030609, 7.59647917592593, 0.789063430640676, 0.149699417473596, 0.000021668, 0.0079128587773363, 7.9128587773363
0.00192, 0.790962868891786, 7.56712013888888, 0.792514408451347, 0.145036211784017, 0.000022085, 0.0077625223916777, 7.7625223916777
0.00193, 0.786317507952877, 7.53373269444446, 0.787790677988112, 0.144858918168419, 0.000022502, 0.007619735244243, 7.619735244243
0.00193, 0.777850139404285, 7.50059592592593, 0.779200018731776, 0.147288497462804, 0.000022919, 0.0074819778584633, 7.4819778584633
0.00196, 0.781316637939757, 7.47545279629631, 0.78283738747945, 0.149077642432228, 0.000023336, 0.007348772013103, 7.348772013103
0.00198, 0.781065736449831, 7.44559768518519, 0.782503929377009, 0.142569770456845, 0.000023753, 0.0072173768851036, 7.2173768851036
0.00198, 0.773124155821577, 7.41645149074075, 0.774413563933748, 0.147760266987825, 0.00002417, 0.0070936175516258, 7.0936175516258
0.00198, 0.765354402256883, 7.3834412962963, 0.766544358147418, 0.143901925590217, 0.000024587, 0.0069723448447066, 6.9723448447066
0.00201, 0.769120324755552, 7.36190465740741, 0.770384791509525, 0.148893878653237, 0.000025004, 0.0068573389497675, 6.8573389497675
0.00201, 0.761608148188992, 7.33133713888889, 0.762813694054667, 0.147875848834069, 0.000025421, 0.0067435856380081, 6.7435856380081
0.00204, 0.765497218423855, 7.30897551851852, 0.766713252661806, 0.146229292221414, 0.000025838, 0.0066349602766433, 6.6349602766433
0.00205, 0.761974259328427, 7.28452627777778, 0.76314342244417, 0.148270567871934, 0.000026255, 0.0065327358424891, 6.5327358424891
0.00207, 0.762171309439728, 7.2594860925926, 0.763371530012511, 0.145465662379465, 0.000026672, 0.0064275175064118, 6.4275175064118
0.00208, 0.758819477178046, 7.23507630555555, 0.759990067680037, 0.148230729668815, 0.000027089, 0.0063285033203231, 6.3285033203231
0.00209, 0.755555771490459, 7.21206475925926, 0.75671106766994, 0.149979459929979, 0.000027506, 0.0062347257376885, 6.2347257376885
0.00211, 0.755969491161349, 7.18805640740741, 0.757120660128817, 0.146290267190754, 0.000027923, 0.006140713357715, 6.140713357715
0.00213, 0.756459521881253, 7.16591814814815, 0.757563159516282, 0.144510820059537, 0.00002834, 0.0060490334674536, 6.0490334674536
0.00213, 0.749879390826858, 7.14245188888889, 0.750987194571751, 0.148295069858784, 0.000028757, 0.0059615645091273, 5.9615645091273
0.00215, 0.750462743266552, 7.12040224999999, 0.751551959294645, 0.144635446141439, 0.000029174, 0.0058761019602898, 5.8761019602898
0.00218, 0.742468866191566, 7.05747399999999, 0.743545401623048, 0.145219621230934, 0.0000304, 0.0056392110692849, 5.6392110692849
0.0022, 0.743523255595118, 7.03995325925926, 0.744535139648362, 0.146617340113026, 0.0000308, 0.0055658847589293, 5.5658847589293
0.00222, 0.744481529995153, 7.02102412962963, 0.745538986676269, 0.146144682273246, 0.0000312, 0.0054947887743748, 5.4947887743748
0.00432, 0.62102250501095, 5.24702018518518, 0.621304291379989, 0.149539427126415, 0.0001296, 0.0014127698989248, 1.4127698989248

