Number of particles: 32
Initial configuration: FCC
Dry microgel radius [nm]: 50.0
Box length [units of dry radius]: 20.70557108814463
Number of monomers: 2916666.666666667
Number of chains: 2916.666666666667
Flory interaction parameter (chi): 0.0
Young's calibration factor: 0.7
x-link fraction: 0.001
Reservoir swelling ratio: 3.505574917793274
Mean swelling ratio: 3.504791000000001
Dry volume fraction: 0.01509999999999997
Reservoir volume fraction: 0.6505110915605273
Actual volume fraction: 0.6499198381114081
MC steps: 60000
Equilibration steps: 10000.0
Snapshot interval: 100
Displacement tolerance: 0.1
Particle radius change tolerance: 0.05
Particle radius bin width: 0.001
g(r) bin width: 0.005
Mean pair energy <E_pair>/N [kT]: 0.3119066306393097
The coupling constant increment - dlambda: 0.0
phi0,         Freference/V,           <F_FR>/V,     		<alpha>,      		zeta, 	 		SpringConstant, 		lindemannParameter
0.0101, -0.009108829848497632, 0.0012304702775543885, 3.5050238125000006, 0.43511006786498935, 0.29713540381108106, 0.2684155576822493
0.0102, -0.010452301919647888, 0.0012167014043108619, 3.5049568749999995, 0.4394180883389001, 0.20846823729489697, 0.3215075707169606
0.0103, -0.009338679569124984, 0.0012385823643145902, 3.5049627500000007, 0.4437261088128108, 0.2929258246753103, 0.2721101059447468
0.0104, -0.010156596317840563, 0.001246777064445553, 3.5049697500000003, 0.4480341292867216, 0.2394002760729294, 0.3019672775135842
0.0105, -0.009670336197480721, 0.0012718536112794707, 3.5049932499999996, 0.45234214976063236, 0.2809669468912355, 0.27962751982508255
0.0106, -0.008382840092054688, 0.001275512346176652, 3.504982624999999, 0.45665017023454313, 0.40879176720939236, 0.23255658703146795
0.0107, -0.007461770199943488, 0.0012823464432625987, 3.5049972500000006, 0.4609581907084539, 0.5350969323548634, 0.20390261197986487
0.0108, -0.01029057725855859, 0.001287280853973198, 3.5049843125000004, 0.46526621118236466, 0.256166924183731, 0.295613424245154
0.0109, -0.009154246364477116, 0.0013262481180544871, 3.5049749375000006, 0.46957423165627543, 0.3547250818908426, 0.2519845871722114
0.011, -0.008525188678626321, 0.0013254343855400195, 3.504972499999999, 0.47388225213018614, 0.42752082700397825, 0.23023076183662639
0.0111, -0.00953432140041562, 0.0013401549565209244, 3.5049621875, 0.4781902726040969, 0.33558289009084474, 0.2606466705927304
0.0112, -0.008297055701191729, 0.001360031684012196, 3.504928062500001, 0.4824982930780077, 0.47164450194330526, 0.22051749308534252
0.0113, -0.0073312256223328365, 0.0013661830161655793, 3.5049809375000005, 0.48680631355191845, 0.6148102300034914, 0.1937165380283917
0.0114, -0.006860259623979198, 0.0013782290313776196, 3.5049781875000003, 0.4911143340258292, 0.7038870601319152, 0.1815771604486828
0.0115, -0.007618096426428032, 0.0013840072349381363, 3.504978875, 0.49542235449974, 0.590845025415884, 0.1987651537257473
0.0116, -0.0071590465093334795, 0.001397092941251401, 3.5049241250000005, 0.49973037497365075, 0.6731064956627701, 0.1867620071712655
0.0117, -0.006980224819812767, 0.0014322462970494723, 3.5049343750000004, 0.5040383954475615, 0.7140706033445999, 0.1818454632017397
0.0118, -0.005423080492804511, 0.001433549823272441, 3.504937062499999, 0.5083464159214722, 1.0597264416149306, 0.14969531583238052
0.0119, -0.007010574449424082, 0.0014245964966426358, 3.5049593124999987, 0.512654436395383, 0.7293612718069723, 0.18094867114420846
0.012, -0.006246113494395848, 0.001434738892205557, 3.5049495625, 0.5169624568692938, 0.8887160578313201, 0.16438290919141735
0.0121, -0.005885672140794647, 0.0014865978694308232, 3.504926187499999, 0.5212704773432045, 0.9803093881279847, 0.1569487892263728
0.0122, -0.00609795950740789, 0.0014880486054186183, 3.5049346249999993, 0.5255784978171153, 0.9429612416410931, 0.16046640247009206
0.0123, -0.005277532531151371, 0.0014917442765217917, 3.5048856250000004, 0.5298865182910261, 1.1561347160838888, 0.14531437438742184
0.0124, -0.005673300915934112, 0.001519183937193825, 3.50493975, 0.5341945387649368, 1.0648979645217165, 0.15182070032067974
0.0125, -0.005489289277180605, 0.0015248213527324832, 3.504943187500001, 0.5385025592388476, 1.12264985872216, 0.14826054826345766
0.0126, -0.004916850127578948, 0.0015469219541147058, 3.5049333750000002, 0.5428105797127584, 1.2924360650814564, 0.1385468771847977
0.0127, -0.004436850459588296, 0.0015487631315916136, 3.5049376249999993, 0.547118600186669, 1.4537769965774145, 0.13097752245678254
0.0128, -0.004474201866952065, 0.0015497088178775158, 3.5049202499999996, 0.5514266206605798, 1.45274130600433, 0.13136719934659064
0.0129, -0.0038796307918408817, 0.001561016551915121, 3.5049479374999986, 0.5557346411344906, 1.6718947200803702, 0.12277309404774125
0.013, -0.0039240185048161754, 0.0015748025799978676, 3.5048828125000004, 0.5600426616084013, 1.6663201907683476, 0.12329524168063893
0.0131, -0.003839020246715667, 0.0015976068507465894, 3.5048814375000004, 0.5643506820823121, 1.7088122453097105, 0.12206402465810326
0.0132, -0.0032960005922809815, 0.0015932947598146705, 3.50489225, 0.5686587025562229, 1.9359903987606573, 0.11496989585847273
0.0133, -0.0030320956952778555, 0.0016291396296080605, 3.5049193750000005, 0.5729667230301336, 2.060743155450688, 0.11171625648620657
0.0134, -0.0032224218465827237, 0.0016577666388646868, 3.5049175624999998, 0.5772747435040444, 1.9874787215016194, 0.11404111358244286
0.0135, -0.0027494307873340115, 0.0016421265057548933, 3.504957312499999, 0.5815827639779552, 2.209658512917581, 0.10842425226773213
0.0136, -0.0025398185253288647, 0.00165358665356797, 3.5048895000000004, 0.5858907844518659, 2.3196694364087413, 0.10608264666342453
0.0137, -0.0023512835783636864, 0.0016894629687411481, 3.5049255624999995, 0.5901988049257767, 2.4226599372759585, 0.10405710059992133
0.0138, -0.0018900922576568621, 0.001687778294260596, 3.504877125, 0.5945068253996875, 2.676822584295979, 0.0992341137486864
0.0139, -0.0016712323242517556, 0.0017217024521567572, 3.5048813750000005, 0.5988148458735982, 2.8086478358493783, 0.09711076673093631
0.014, -0.0015750976461614804, 0.0017161305676541814, 3.5048596874999993, 0.603122866347509, 2.871454775400021, 0.09627261800830132
0.0141, -0.001589413676475968, 0.001736675052648249, 3.504856250000001, 0.6074308868214197, 2.8692166559044407, 0.09653892528243738
0.0142, -9.780515803972834E-4, 0.0017165366066452287, 3.5048670624999994, 0.6117389072953304, 3.255292856978345, 0.09084733168605066
0.0143, -8.267510712299301E-4, 0.001754321472377094, 3.504849625, 0.6160469277692412, 3.360262387509434, 0.08962651522446105
0.0144, -3.149083337330695E-4, 0.0017943186199575478, 3.5048463749999987, 0.620354948243152, 3.726568362156678, 0.08530556784273317
0.0145, -4.377910138193448E-5, 0.0017796405048868076, 3.5048639375, 0.6246629687170627, 3.934069435247386, 0.08321713327390821
0.0146, 2.9886529249196976E-4, 0.0017837182158094887, 3.504801625, 0.6289709891909735, 4.209052313526224, 0.08063740637093425
0.0147, 6.384763192764752E-4, 0.0018150499358880275, 3.50484775, 0.6332790096648843, 4.496438362565526, 0.07819564203706608
0.0148, 8.354968342675277E-4, 0.0018291535830473255, 3.5048646875, 0.637587030138795, 4.6677058359355055, 0.07692129604172639
0.0149, 0.0012317701110244846, 0.0018604769493587028, 3.5048209999999993, 0.6418950506127058, 5.033397480629501, 0.07424078743597523
