Number of particles: 32
Initial configuration: FCC
Dry microgel radius [nm]: 50.0
Box length [units of dry radius]: 20.70557108814463
Number of monomers: 2916666.666666667
Number of chains: 2916.666666666667
Flory interaction parameter (chi): 0.0
Young's calibration factor: 0.9
x-link fraction: 0.001
Reservoir swelling ratio: 3.505574917793274
Mean swelling ratio: 3.5047914374999998
Dry volume fraction: 0.01509999999999997
Reservoir volume fraction: 0.6505110915605273
Actual volume fraction: 0.6500189342938074
MC steps: 60000
Equilibration steps: 10000.0
Snapshot interval: 100
Displacement tolerance: 0.1
Particle radius change tolerance: 0.05
Particle radius bin width: 0.001
g(r) bin width: 0.005
Mean pair energy <E_pair>/N [kT]: 0.29343252417156496
The coupling constant increment - dlambda: 0.0
phi0,         Freference/V,           <F_FR>/V,     		<alpha>,      		zeta, 	 		SpringConstant, 		lindemannParameter
0.0101, -0.01047661735955758, 0.0012100662804857942, 3.504981374999999, 0.43511006786498935, 0.20110197809204314, 0.3262696776356332
0.0102, -0.012109775603490571, 0.0012253587458961337, 3.5049922500000004, 0.4394180883389001, 0.13049961503525045, 0.4063558682044517
0.0103, -0.01041599309027035, 0.0012332136307658512, 3.5049834999999994, 0.4437261088128108, 0.21667904306368954, 0.3163843898355384
0.0104, -0.008873204046714309, 0.0012514992751839209, 3.5049405625000003, 0.4480341292867216, 0.3416749193623158, 0.2527642544234033
0.0105, -0.009813963054488568, 0.0012819281827484619, 3.5049530625000007, 0.45234214976063236, 0.27010386282858595, 0.28519514577604216
0.0106, -0.009767291717523045, 0.0012811516085764413, 3.505012375, 0.45665017023454313, 0.2805388833935347, 0.2807263529238574
0.0107, -0.008245088898091744, 0.0013063613052910782, 3.5049803125000007, 0.4609581907084539, 0.43329543031728973, 0.22659324832839706
0.0108, -0.008979104636430911, 0.0013132183714210368, 3.5049548125, 0.46526621118236466, 0.3635337160184473, 0.24814945806497676
0.0109, -0.00757226467095767, 0.0013034219625065442, 3.5049939999999995, 0.46957423165627543, 0.5389986819404645, 0.20442126660803386
0.011, -0.008618050929345223, 0.0013278451653949126, 3.504991375, 0.47388225213018614, 0.41724265550739376, 0.23304921182538182
0.0111, -0.008419081279942292, 0.0013467506627743318, 3.504940687499999, 0.4781902726040969, 0.44831255282314153, 0.22550783580553665
0.0112, -0.008263090462119921, 0.0013386623099113986, 3.5050113125, 0.4824982930780077, 0.4757856114098608, 0.21955573343533913
0.0113, -0.010705873455470201, 0.001370362094947512, 3.5049800625000005, 0.48680631355191845, 0.25993912409390696, 0.29792120511067616
0.0114, -0.0073218113305644665, 0.0013755814721726676, 3.5050059375000004, 0.4911143340258292, 0.6263502868075186, 0.19248818195014783
0.0115, -0.007122671644710811, 0.0014061698103419611, 3.5049401874999995, 0.49542235449974, 0.6689690014445547, 0.1867987834944312
0.0116, -0.007603270035823707, 0.001426428067588776, 3.504962624999999, 0.49973037497365075, 0.6027567361291989, 0.19736011397405168
0.0117, -0.006875784831201577, 0.0014299600873847167, 3.504965937499999, 0.5040383954475615, 0.7326832129377522, 0.1795208629138644
0.0118, -0.00671569642045114, 0.0014464657026621221, 3.5049021249999996, 0.5083464159214722, 0.7727800243952524, 0.17529807722589305
0.0119, -0.006037128155042842, 0.0014463209926411757, 3.5049577499999995, 0.512654436395383, 0.923317267416347, 0.16082415151994287
0.012, -0.006065300811213501, 0.001460022297513701, 3.5049456249999995, 0.5169624568692938, 0.9281674281554476, 0.16085146248572427
0.0121, -0.005491082521194744, 0.001477144806946457, 3.5049961874999993, 0.5212704773432045, 1.0769326437342261, 0.14974256907966357
0.0122, -0.005221215119698459, 0.0014846507344168074, 3.5049605625000004, 0.5255784978171153, 1.1600075493864064, 0.14467737804838465
0.0123, -0.004924710323651006, 0.0014945004500826616, 3.504972687499999, 0.5298865182910261, 1.2557953887106896, 0.13942907803408763
0.0124, -0.0055593812732391, 0.001511106917172079, 3.5048861874999995, 0.5341945387649368, 1.093476100667476, 0.14982363897094747
0.0125, -0.005236142000106945, 0.0015142890542381286, 3.5049130000000006, 0.5385025592388476, 1.1901386248111476, 0.1439955230836963
0.0126, -0.004410544957095849, 0.0015232492933029314, 3.5049284375, 0.5428105797127584, 1.4511561244013003, 0.130750755205625
0.0127, -0.004392474387821975, 0.0015400219978882784, 3.5049580000000007, 0.547118600186669, 1.4684939386446558, 0.1303195550027341
0.0128, -0.004079929953802668, 0.001560778660863365, 3.5049258125000007, 0.5514266206605798, 1.5876324008977087, 0.12566261902780557
0.0129, -0.003853298187404747, 0.001565983721769396, 3.5049103125, 0.5557346411344906, 1.6817615362560367, 0.12241241224707268
0.013, -0.0040086696340945974, 0.0015761965601181656, 3.5049311250000006, 0.5600426616084013, 1.6353343049554296, 0.12445784331842778
0.0131, -0.0032410792278531955, 0.0016015810161768634, 3.5049103750000006, 0.5643506820823121, 1.9491109119026135, 0.114292197400349
0.0132, -0.0032027073079384694, 0.0015971459388779356, 3.504873, 0.5686587025562229, 1.975837506970006, 0.11380468077055314
0.0133, -0.003004295266193154, 0.0016282704418314926, 3.5048738125, 0.5729667230301336, 2.073197429378722, 0.11138019570164029
0.0134, -0.0028035490642774694, 0.0016460996210431495, 3.5049220625, 0.5772747435040444, 2.174882813066117, 0.10901713453908891
0.0135, -0.0026201615068471395, 0.0016728006606166613, 3.504887375000001, 0.5815827639779552, 2.271500001685084, 0.10693814489188098
0.0136, -0.0025809805876243637, 0.0016822666208962248, 3.5048480000000004, 0.5858907844518659, 2.2995193545783903, 0.10654642003036746
0.0137, -0.002250204192170286, 0.0017033623791769897, 3.504859875, 0.5901988049257767, 2.4747370148242624, 0.10295641753165982
0.0138, -0.0015410700242237802, 0.0016881593308632399, 3.5048446875, 0.5945068253996875, 2.8792673774404403, 0.09568190005369825
0.0139, -0.0015582061875108824, 0.001725675870591647, 3.5048801875, 0.5988148458735982, 2.8752589637034593, 0.09597929248939571
0.014, -0.001138744562212365, 0.0017416309130405423, 3.5048700624999998, 0.603122866347509, 3.1413861476720726, 0.09204349695560379
0.0141, -8.521722542474553E-4, 0.001749206789091159, 3.5048135625, 0.6074308868214197, 3.335961395020791, 0.08953103875400442
0.0142, -4.509101992133184E-4, 0.0017378264702790035, 3.5048656874999997, 0.6117389072953304, 3.622963190876709, 0.08611429447035852
0.0143, -2.4185457501250796E-4, 0.0017554771602093478, 3.50486375, 0.6160469277692412, 3.7807525744369346, 0.08449557739559362
0.0144, -1.1120431959860386E-5, 0.0017795584269098654, 3.5048151874999998, 0.620354948243152, 3.9602232754352427, 0.08275077856564043
0.0145, 5.333271719790882E-4, 0.0018002313366054627, 3.5048206250000002, 0.6246629687170627, 4.4123323528647616, 0.0785777614658541
0.0146, 5.347973339948324E-4, 0.0017782047798148366, 3.504835250000001, 0.6289709891909735, 4.409757447835554, 0.07878097678478849
0.0147, 9.378275175932626E-4, 0.0018194644589484893, 3.5048033125000004, 0.6332790096648843, 4.768287006190164, 0.07593389511529551
0.0148, 0.0013553970938719215, 0.0018244838752347042, 3.504787750000001, 0.637587030138795, 5.16512395535831, 0.07312366629947271
0.0149, 0.0017278591099126606, 0.0018552956251023797, 3.5048144374999994, 0.6418950506127058, 5.540420418075224, 0.07076228082481377
