0.0 1.0
0.005 1.0
0.01 1.0
0.015 1.0
0.02 1.0
0.025 1.0
0.03 1.0
0.035 1.0
0.04 1.0
0.045 1.0
0.05 1.0
0.055 1.0
0.06 1.0
0.065 1.0
0.07 1.0
0.075 1.0
0.08 1.0
0.085 1.0
0.09 1.0
0.095 1.0
0.1 1.0
0.105 1.0
0.11 1.0
0.115 1.0
0.12 1.0
0.125 1.0
0.13 1.0
0.135 1.0
0.14 1.0
0.145 1.0
0.15 1.0
0.155 1.0
0.16 1.0
0.165 1.0
0.17 1.0
0.17500000000000002 1.0
0.18 1.0
0.185 1.0
0.19 1.0
0.195 1.0
0.2 1.0
0.20500000000000002 1.0
0.21 1.0
0.215 1.0
0.22 1.0
0.225 1.0
0.23 1.0
0.23500000000000001 1.0
0.24 1.0
0.245 1.0
0.25 1.0
0.255 1.0
0.26 1.0
0.265 1.0
0.27 1.0
0.275 1.0
0.28 1.0
0.28500000000000003 1.0
0.29 1.0
0.295 1.0
0.3 1.0
0.305 1.0
0.31 1.0
0.315 1.0
0.32 1.0
0.325 1.0
0.33 1.0
0.335 1.0
0.34 1.0
0.34500000000000003 1.0
0.35000000000000003 1.0
0.355 1.0
0.36 1.0
0.365 1.0
0.37 1.0
0.375 1.0
0.38 1.0
0.385 1.0
0.39 1.0
0.395 1.0
0.4 1.0
0.405 1.0
0.41000000000000003 1.0
0.41500000000000004 1.0
0.42 1.0
0.425 1.0
0.43 1.0
0.435 1.0
0.44 1.0
0.445 1.0
0.45 1.0
0.455 1.0
0.46 1.0
0.465 1.0
0.47000000000000003 1.0
0.47500000000000003 1.0
0.48 1.0
0.485 1.0
0.49 1.0
0.495 1.0
0.5 1.8999779329147657
0.505 2.0066659861139944
0.51 2.098274229759993
0.515 2.1710063422728254
0.52 2.2219859048835158
0.525 2.2495688107843237
0.53 2.2535478144902994
0.535 2.235220041635278
0.54 2.1973034983488913
0.545 2.1437061513226183
0.55 2.079168791863709
0.555 2.0088183779487796
0.56 1.937679835281859
0.5650000000000001 1.8701998787404306
0.5700000000000001 1.8098355078729527
0.5750000000000001 1.7587524967825563
0.58 1.7176663433192663
0.585 1.6858413904976794
0.59 1.661245313201266
0.595 1.6408382202019143
0.6 1.620960500432229
0.605 1.5977730895079079
0.61 1.5676992542489754
0.615 1.527818706319582
0.62 1.4761724499186097
0.625 1.4119490792084526
0.63 1.3355385304512764
0.635 1.2484555001568451
0.64 1.1531497681628622
0.645 1.0527326676258661
0.65 0.9506565657694334
0.655 0.8503867550119627
0.66 0.7551026153181928
0.665 0.6674579851924938
0.67 0.5894206072384951
0.675 0.5221988753854168
0.68 0.4662525886051456
0.685 0.4213745540223526
0.6900000000000001 0.3868228746193081
0.6950000000000001 0.3614802994981219
0.7000000000000001 0.3440172394330401
0.705 0.3330385436192431
0.71 0.3272000347415617
0.715 0.3252879606886313
0.72 0.3262616988549101
0.725 0.32926609933590434
0.73 0.3336239013458844
0.735 0.3388202144031457
0.74 0.3444900727632316
0.745 0.35041691977411693
0.75 0.35654526873032133
0.755 0.36300563800250096
0.76 0.37014514297860157
0.765 0.37855371405753735
0.77 0.3890744288420629
0.775 0.4027871983650586
0.78 0.4209579649384383
0.785 0.4449502384576377
0.79 0.47610152770410374
0.795 0.5155731554629682
0.8 0.5641871867982411
0.805 0.6222679487297258
0.81 0.6895072838339336
0.8150000000000001 0.7648719526442351
0.8200000000000001 0.846568494507221
0.8250000000000001 0.9320757000423817
0.8300000000000001 1.0182482276393923
0.835 1.1014875762669458
0.84 1.1779694478876328
0.845 1.2439103058328078
0.85 1.295851346097691
0.855 1.330935632779215
0.86 1.3471540483258544
0.865 1.3435379573588226
0.87 1.3202808216660071
0.875 1.2787769759512322
0.88 1.2215727808510755
0.885 1.1522327407165776
0.89 1.0751302336189492
0.895 0.9951786327925433
0.9 0.9175232936513189
0.905 0.8472177751179539
0.91 0.7889085612610169
0.915 0.7465514255863963
0.92 0.7231795795995495
0.925 0.7207391635337241
0.93 0.740001888289081
0.935 0.7805582312864743
0.9400000000000001 0.8408880823109575
0.9450000000000001 0.9184996909130776
0.9500000000000001 1.010122705562546
0.9550000000000001 1.1119374503928026
0.96 1.2198206635491269
0.965 1.3295878664155967
0.97 1.437214309504144
0.975 1.53901982953915
0.98 1.6318075675896635
0.985 1.7129518235667585
0.99 1.780435764094266
0.995 1.8328446528344973
1.0 1.869324187964632
1.0050000000000001 1.8895159900232241
1.01 1.893483045148758
1.0150000000000001 1.8816369488728322
1.02 1.8546763110369464
1.025 1.8135420694670228
1.03 1.759391264855989
1.035 1.6935866752886404
1.04 1.6176962118951452
1.045 1.5334936590737653
1.05 1.4429515559126465
1.055 1.3482178893679118
1.06 1.251570688533989
1.065 1.155348223881298
1.07 1.0618567898110782
1.075 0.9732623353895903
1.08 0.8914758394873691
1.085 0.8180447139977327
1.09 0.7540632403886653
1.095 0.7001139113363444
1.1 0.6562486374266293
1.105 0.6220144269995243
1.11 0.5965229116549551
1.115 0.5785576703829294
1.12 0.5667084472495452
1.125 0.5595177471826585
1.1300000000000001 0.5556234600160856
1.135 0.5538813982361193
1.1400000000000001 0.5534539532611427
1.145 0.5538552083953748
1.1500000000000001 0.5549482736082199
1.155 0.5568966274263205
1.16 0.5600770785537179
1.165 0.5649668298174151
1.17 0.5720204000481035
1.175 0.581553406747733
1.18 0.5936492722614655
1.185 0.6081019139269705
1.19 0.6244028068937865
1.195 0.6417750720183617
1.2 0.6592511753119608
1.205 0.6757851968165003
1.21 0.6903861346271507
1.215 0.7022558973024429
1.22 0.7109148271953691
1.225 0.7162988551474376
1.23 0.7188155249144768
1.235 0.7193507323993147
1.24 0.7192235258604818
1.245 0.7200920486205078
1.25 0.7238190136600909
1.2550000000000001 0.7323093961560097
1.26 0.7473358751469206
1.2650000000000001 0.7703686956130138
1.27 0.8024260086050917
1.2750000000000001 0.8439585275776837
1.28 0.8947788274009862
1.285 0.9540412400757098
