0.0 1.0
0.005 1.0
0.01 1.0
0.015 1.0
0.02 1.0
0.025 1.0
0.03 1.0
0.035 1.0
0.04 1.0
0.045 1.0
0.05 1.0
0.055 1.0
0.06 1.0
0.065 1.0
0.07 1.0
0.075 1.0
0.08 1.0
0.085 1.0
0.09 1.0
0.095 1.0
0.1 1.0
0.105 1.0
0.11 1.0
0.115 1.0
0.12 1.0
0.125 1.0
0.13 1.0
0.135 1.0
0.14 1.0
0.145 1.0
0.15 1.0
0.155 1.0
0.16 1.0
0.165 1.0
0.17 1.0
0.17500000000000002 1.0
0.18 1.0
0.185 1.0
0.19 1.0
0.195 1.0
0.2 1.0
0.20500000000000002 1.0
0.21 1.0
0.215 1.0
0.22 1.0
0.225 1.0
0.23 1.0
0.23500000000000001 1.0
0.24 1.0
0.245 1.0
0.25 1.0
0.255 1.0
0.26 1.0
0.265 1.0
0.27 1.0
0.275 1.0
0.28 1.0
0.28500000000000003 1.0
0.29 1.0
0.295 1.0
0.3 1.0
0.305 1.0
0.31 1.0
0.315 1.0
0.32 1.0
0.325 1.0
0.33 1.0
0.335 1.0
0.34 1.0
0.34500000000000003 1.0
0.35000000000000003 1.0
0.355 1.0
0.36 1.0
0.365 1.0
0.37 1.0
0.375 1.0
0.38 1.0
0.385 1.0
0.39 1.0
0.395 1.0
0.4 1.0
0.405 1.0
0.41000000000000003 1.0
0.41500000000000004 1.0
0.42 1.0
0.425 1.0
0.43 1.0
0.435 1.0
0.44 1.0
0.445 1.0
0.45 1.0
0.455 1.0
0.46 1.0
0.465 1.0
0.47000000000000003 1.0
0.47500000000000003 1.0
0.48 1.0
0.485 1.0
0.49 1.0
0.495 1.0
0.5 0.1513115406321318
0.505 0.16327112151089063
0.51 0.17666036250453043
0.515 0.19119584791083033
0.52 0.2066106321435418
0.525 0.22265437784681807
0.53 0.23909341860564104
0.535 0.25571074907864155
0.54 0.27230594590930857
0.545 0.2886950226821816
0.55 0.3047102225233087
0.555 0.3201997521562957
0.56 0.33502746113699455
0.5650000000000001 0.34907247037895195
0.5700000000000001 0.3622287539014384
0.5750000000000001 0.37440467795827426
0.58 0.3855225016866869
0.585 0.39551784340525653
0.59 0.40433911668978306
0.595 0.4119469403116992
0.6 0.41831352611455486
0.605 0.42342204875976586
0.61 0.42726600119921676
0.615 0.42984853968500913
0.62 0.43118182191101195
0.625 0.43128634174445146
0.63 0.43019026397650284
0.635 0.4279287621806026
0.64 0.42454336271274606
0.645 0.4200812976683441
0.65 0.41459486940943535
0.655 0.4081408290937296
0.66 0.4007797714288681
0.665 0.392575547679042
0.67 0.383594698758297
0.675 0.3739059099844574
0.68 0.36357948896774217
0.685 0.35268686777642877
0.6900000000000001 0.3413001304371962
0.6950000000000001 0.3294915666265942
0.7000000000000001 0.3173332520828427
0.705 0.304896656308423
0.71 0.2922522777771316
0.715 0.27946930682672966
0.72 0.26661531608724975
0.725 0.25375597843270026
0.73 0.24095481199897895
0.735 0.2282729518843234
0.74 0.2157689479891407
0.745 0.20349858827565948
0.75 0.19151474680392222
0.755 0.17986725556664518
0.76 0.16860279932648647
0.765 0.15776483246132544
0.77 0.14739351677399448
0.775 0.13752567921661085
0.78 0.12819478847972676
0.785 0.11943094928939668
0.79 0.11126091333510757
0.795 0.10370810564429844
0.8 0.09679266537413356
0.805 0.0905314998526967
0.81 0.08493835075774236
0.8150000000000001 0.08002387146576628
0.8200000000000001 0.07579571444642141
0.8250000000000001 0.07225862772091951
0.8300000000000001 0.06941455949679953
0.835 0.06726276992658942
0.84 0.06579994928019994
0.845 0.06502034151488101
0.85 0.06491587265921273
0.855 0.06547628311959741
0.86 0.06668926329165548
0.865 0.068540591852157
0.87 0.07101427611071509
0.875 0.07409269390733031
0.88 0.0777567365057602
0.885 0.08198595206259218
0.89 0.08675868924333185
0.895 0.09205224060717188
0.9 0.09784298535814573
0.905 0.10410653122246827
0.91 0.11081785505365294
0.915 0.11795144198163732
0.92 0.12548142277333607
0.925 0.13338170923563752
0.93 0.14162612731179547
0.935 0.15018854783164615
0.9400000000000001 0.15904301450274794
0.9450000000000001 0.168163869044475
0.9500000000000001 0.17752587324577018
0.9550000000000001 0.1871043276604759
0.96 0.19687518679961358
0.965 0.20681517053512388
0.97 0.2169018715096751
0.975 0.22711385825969466
0.98 0.23743077387688838
0.985 0.24783342985164702
0.99 0.2583038948875378
0.995 0.2688255783964594
1.0 0.2793833083136411
1.0050000000000001 0.2899634030131295
1.01 0.3005537370106106
1.0150000000000001 0.31114380008511433
1.02 0.32172474953375907
1.025 0.33228945531539633
1.03 0.34283253768126376
1.035 0.35335039703662874
1.04 0.36384123577950167
1.045 0.3743050717871361
1.05 0.384743743329676
1.055 0.3951609051673587
1.06 0.4055620156599047
1.065 0.41595431460933185
1.07 0.42634679184058344
1.075 0.4367501462510949
1.08 0.4471767354035815
1.085 0.4576405155233063
1.09 0.46815697199137674
1.095 0.47874304034685444
1.1 0.4894170179961811
1.105 0.5001984666947752
1.11 0.5111081061256575
1.115 0.5221676988143826
1.12 0.5333999267221261
1.125 0.5448282599280425
1.1300000000000001 0.55647681785639
1.135 0.5683702235864282
1.1400000000000001 0.5805334517649183
1.145 0.5929916708073592
1.1500000000000001 0.6057700800419484
1.155 0.6188937425304176
1.16 0.6323874143735133
1.165 0.6462753712794017
1.17 0.6605812333241636
1.175 0.6753277887537192
1.18 0.6905368178107785
1.185 0.7062289175206501
1.19 0.7224233284386987
1.195 0.7391377643567125
1.2 0.7563882459846603
1.205 0.7741889396119451
1.21 0.792552001793677
1.215 0.8114874310125463
1.22 0.8310029273651204
1.225 0.851103761187376
1.23 0.8717926515879427
1.235 0.8930696557627856
1.24 0.9149320699664341
1.245 0.9373743429312921
1.25 0.9603880024896002
1.2550000000000001 0.9839615960833312
1.26 1.0080806457803366
1.2650000000000001 1.0327276183438736
1.27 1.0578819108200266
1.2750000000000001 1.0835198520281721
1.28 1.1096147202512587
1.285 1.1361367773324968
1.29 1.1630533192913077
1.295 1.190328743466498
1.3 1.2179246321305215
1.305 1.2457998523608498
1.31 1.273910671905079
1.315 1.302210890674515
1.32 1.3306519873600682
1.325 1.359183280613605
1.33 1.3877521041271006
1.335 1.4163039948160336
1.34 1.4447828933246039
1.345 1.4731313558115327
1.35 1.5012907761238785
1.355 1.529201617183172
1.36 1.5568036504186575
1.365 1.5840362021089
1.37 1.610838405277295
1.375 1.6371494558498114
1.3800000000000001 1.662908871707588
1.385 1.688056753241926
1.3900000000000001 1.712534043961579
1.395 1.736282789800291
1.4000000000000001 1.7592463955575866
1.405 1.781369877164813
1.41 1.8026001082253797
1.415 1.8228860595814456
1.42 1.842179030322039
1.425 1.8604328691156535
1.43 1.8776041843978128
1.435 1.8936525423165433
1.44 1.9085406511422225
1.445 1.922234531177018
1.45 1.9347036689906418
1.455 1.9459211552328626
1.46 1.955863804985372
1.465 1.9645122600616038
1.47 1.9718510725585077
1.475 1.9778687691035515
1.48 1.9825578954527392
1.485 1.9859150410279887
1.49 1.9879408433063404
1.495 1.9886399719689205
1.5 1.9880210928144244
1.5050000000000001 1.986096811673387
1.51 1.9828835985631041
1.5150000000000001 1.9784016925549859
1.52 1.9726749878496603
1.5250000000000001 1.965730901647654
1.53 1.957600224723401
1.5350000000000001 1.9483169553658888
1.54 1.937918117811009
1.545 1.9264435660845365
1.55 1.9139357745302017
1.555 1.9004396161166115
1.56 1.8860021298944907
1.565 1.870672278982294
1.57 1.854500700427763
1.575 1.837539448478699
1.58 1.819841732720287
1.585 1.8014616526773835
1.59 1.7824539304202616
1.595 1.7628736426363143
1.6 1.7427759539373127
1.605 1.7222158528306204
1.61 1.7012478918485572
1.615 1.6799259335161603
1.62 1.658302903482245
1.625 1.636430552317886
1.6300000000000001 1.6143592272963392
1.635 1.5921376555539002
1.6400000000000001 1.5698127397529067
1.645 1.5474293674629385
1.6500000000000001 1.5250302353099237
1.655 1.5026556888725109
1.6600000000000001 1.4803435791713004
1.665 1.4581291364981892
1.67 1.4360448623164905
1.675 1.4141204396310854
1.68 1.3923826623969795
1.685 1.370855384149201
1.69 1.3495594860649085
1.695 1.3285128645365192
1.7 1.3077304381483956
1.705 1.2872241738589358
1.71 1.2670031321306472
1.715 1.247073530486336
1.72 1.2274388250225672
1.725 1.208099809184352
1.73 1.1890547290258184
1.735 1.170299414108701
1.74 1.1518274230659757
1.745 1.1336302027735503
1.75 1.115697259994264
1.7550000000000001 1.0980163442822881
1.76 1.0805736408693747
1.7650000000000001 1.0633539722016274
1.77 1.0463410067211893
1.7750000000000001 1.0295174734864703
1.78 1.0128653811563748
1.7850000000000001 0.9963662398633399
1.79 0.9800012844777416
1.795 0.9637516977688457
1.8 0.9475988319698571
1.805 0.9315244272765545
1.81 0.9155108258222979
1.815 0.8995411797321977
1.82 0.883599651863089
1.825 0.86767160793674
1.83 0.8517437987895187
1.835 0.8358045315569349
1.84 0.8198438286897378
1.845 0.8038535737479974
1.85 0.7878276430556486
1.855 0.7717620223464374
1.86 0.7556549076788757
1.865 0.7395067899476728
1.87 0.7233205224640568
1.875 0.7071013712014036
1.8800000000000001 0.690857047347944
1.885 0.6745977220032293
1.8900000000000001 0.6583360229243094
1.895 0.6420870133321045
1.9000000000000001 0.6258681529452798
1.905 0.6096992414976681
1.9100000000000001 0.5936023450664595
1.915 0.5776017057646041
1.92 0.5617236352648269
1.925 0.5459963929661474
1.93 0.5304500494436921
1.935 0.515116336147731
1.94 0.5000284822546992
1.945 0.4852210396898702
1.95 0.4707296974357469
1.955 0.4565910862792689
1.96 0.4428425752283227
1.965 0.4295220608103436
1.97 0.4166677506447538
1.975 0.40431794252874664
1.98 0.3925108004573401
1.985 0.38128412895919384
1.99 0.370675147055474
1.995 0.36072026329863316
2.0 0.35145485323759784
2.005 0.3429130405875911
2.0100000000000002 0.3351274835563859
2.015 0.32812916748275645
2.02 0.3219472050919111
2.025 0.3166086455806131
2.0300000000000002 0.31213829358693357
2.035 0.30855853921411014
2.04 0.30588920002645936
2.045 0.3041473759828571
2.05 0.3033473181962171
2.055 0.30350031215330686
2.06 0.3046145762178155
2.065 0.30669517590955153
2.07 0.30974395446914516
2.075 0.31375948008317855
2.08 0.3187370101078676
2.085 0.32466847243224584
2.09 0.33154246410986365
2.095 0.33934426723763744
2.1 0.3480558819704246
2.105 0.3576560765305531
2.11 0.3681204538125461
2.115 0.3794215343156875
2.12 0.39152885484194755
2.125 0.4044090824525539
2.13 0.41802614299245344
2.1350000000000002 0.4323413635712303
2.14 0.4473136280461838
2.145 0.4628995448340616
2.15 0.4790536260102476
2.1550000000000002 0.4957284767852088
2.16 0.5128749943196519
2.165 0.5304425748577155
2.17 0.5483793280318809
2.1750000000000003 0.5666322972363766
2.18 0.5851476849592419
2.185 0.6038710818676176
2.19 0.622747698485496
2.195 0.6417225983277521
2.2 0.6607409312656467
2.205 0.6797481660293354
2.21 0.6986903206499604
2.215 0.7175141897747123
2.22 0.7361675677275492
2.225 0.754599466292286
2.23 0.7727603261798384
2.235 0.7906022212070398
2.24 0.8080790543086693
2.245 0.8251467444328417
2.25 0.8417634035919218
2.255 0.857889503248721
2.2600000000000002 0.8734880293759624
2.265 0.8885246255721764
2.27 0.9029677236361839
2.275 0.9167886611494014
2.2800000000000002 0.9299617856180437
2.285 0.9424645448371182
2.29 0.954277563184725
2.295 0.9653847036536414
2.3000000000000003 0.9757731154616909
2.305 0.9854332671880128
2.31 0.9943589654243277
2.315 1.0025473590104963
2.32 1.0099989289852778
2.325 1.0167174644447394
2.33 1.0227100245632128
2.335 1.0279868870882687
2.34 1.032561483675522
2.345 1.036450322482564
2.35 1.0396728984864998
2.355 1.0422515920407163
2.36 1.0442115562150993
2.365 1.0455805935214428
2.37 1.0463890226380723
2.375 1.046669535793059
2.38 1.0464570474865775
2.3850000000000002 1.0457885352542244
2.39 1.0447028731951573
2.395 1.043240659000652
2.4 1.0414440352324976
2.4050000000000002 1.0393565056104557
2.41 1.0370227470654927
2.415 1.0344884183275107
2.42 1.0317999658044814
2.4250000000000003 1.0290044275104957
2.43 1.0261492357926048
2.435 1.023282019595648
2.44 1.0204504069881635
2.445 1.0177018286648307
2.45 1.015083323115917
2.455 1.0126413441424231
2.46 1.0104215713699785
2.465 1.0084687243947519
2.47 1.0068263811725588
2.475 1.0055368012332875
2.48 1.0046407542837528
2.485 1.0041773547301833
2.49 1.0041839026272996
2.495 1.004695731533394
2.5 1.0057460637223754
2.505 1.0073658731756334
2.5100000000000002 1.0095837567488055
2.515 1.0124258138797353
2.52 1.0159155351757734
2.525 1.0200737001896978
2.5300000000000002 1.0249182846675093
2.535 1.0304643775186608
2.54 1.0367241077397935
2.545 1.0437065814840902
2.5500000000000003 1.051417829452875
2.555 1.059860764750099
2.56 1.0690351513193184
2.565 1.078937583050328
2.57 1.089561473624155
2.575 1.1008970571308232
2.58 1.1129313994701127
2.585 1.1256484205292747
2.59 1.139028927077152
2.595 1.1530506563389813
2.6 1.1676883301255927
2.605 1.182913719423034
2.61 1.1986957192743795
2.615 1.215000433808092
2.62 1.231791271192851
2.625 1.2490290482931272
2.63 1.2666721047852223
2.6350000000000002 1.284676426446259
2.64 1.3029957773106164
2.645 1.3215818403468003
2.65 1.3403843663100978
2.6550000000000002 1.3593513303770635
2.66 1.3784290961151322
2.665 1.3975625864021104
2.67 1.4166954607263027
2.6750000000000003 1.4357702985030387
2.68 1.4547287877136832
2.685 1.473511918480202
2.69 1.4920601808565404
2.695 1.5103137663406918
2.7 1.528212772390468
2.705 1.5456974093604021
2.71 1.5627082091641151
2.715 1.57918623496092
2.72 1.5950732911466594
2.725 1.6103121329750296
2.73 1.6248466750129749
2.735 1.638622197702341
2.74 1.6515855512479223
2.745 1.663685356119609
2.75 1.6748721992949287
2.755 1.685098825560202
2.7600000000000002 1.6943203230570767
2.765 1.702494302299823
2.77 1.7095810679092538
2.775 1.715543782329409
2.7800000000000002 1.720348620788937
2.785 1.7239649167543605
2.79 1.72636529726512
2.795 1.7275258073736712
2.8000000000000003 1.7274260231964575
2.805 1.7260491528261905
2.81 1.723382124664754
2.815 1.7194156625794705
2.82 1.7141443474244622
2.825 1.707566664544883
2.83 1.6996850368178305
2.835 1.6905058429451012
2.84 1.68003942073697
2.845 1.6683000551866551
2.85 1.6553059511802166
2.855 1.6410791907719413
2.86 1.6256456750331407
2.865 1.6090350505331616
2.87 1.5912806205896328
2.875 1.5724192414545761
2.88 1.5524912037913872
2.8850000000000002 1.5315400997146087
2.89 1.5096126758685355
2.895 1.486758673009164
2.9 1.4630306526615957
2.9050000000000002 1.4384838114911402
2.91 1.4131757840858599
2.915 1.3871664349116615
2.92 1.3605176402721184
2.9250000000000003 1.3332930611636613
2.93 1.3055579079673976
2.935 1.2773786979548054
2.94 1.2488230066850334
2.945 1.2199592143545817
2.95 1.1908562482145708
2.955 1.1615833222475842
2.96 1.1322096752417756
2.965 1.1028043085045172
2.97 1.073435724419395
2.975 1.0441716670698267
2.98 1.0150788661718233
2.985 0.9862227855372238
2.99 0.9576673772859514
2.995 0.9294748430038399
3.0 0.9017054030258789
3.005 0.8744170749814439
3.0100000000000002 0.8476654627216171
3.015 0.8215035566679013
3.02 0.7959815466348141
3.025 0.771146648033595
3.0300000000000002 0.747042942392097
3.035 0.7237112330017972
3.04 0.7011889164395682
3.045 0.6795098706486571
3.0500000000000003 0.6587043601749634
3.055 0.6387989590491682
3.06 0.6198164917498312
3.065 0.601775992548748
3.0700000000000003 0.584692683488818
3.075 0.5685779711028791
3.08 0.5534394619032934
3.085 0.5392809965681358
3.09 0.5261027026719788
3.095 0.5139010656423807
3.1 0.5026690175956876
3.105 0.4923960435777731
3.11 0.4830683045994717
3.115 0.47466877686668374
3.12 0.46717740633828087
3.125 0.46057127790073893
3.13 0.45482479809000464
3.1350000000000002 0.4499098904631992
3.14 0.4457962024337032
3.145 0.4424513225128702
3.15 0.43984100668613757
3.1550000000000002 0.4379294126540616
3.16 0.43667934063770864
3.165 0.4360524794095093
3.17 0.4360096560852068
3.1750000000000003 0.43651108837292807
3.18 0.43751663771951577
3.185 0.4389860620213506
3.19 0.44087926637810626
3.1950000000000003 0.4431565505086782
3.2 0.4457788513634605
3.205 0.44870797959562625
3.21 0.4519068484493206
3.215 0.45533969386312845
3.22 0.45897228436184956
3.225 0.46277211968692145
3.23 0.466708616898142
3.235 0.4707532828975539
3.24 0.47487987242908647
3.245 0.47906453054590137
3.25 0.4832859187839905
3.255 0.4875253242885853
3.2600000000000002 0.4917667512671988
3.265 0.4959969942206267
3.27 0.500205692538841
3.275 0.504385366171128
3.2800000000000002 0.5085314321368446
3.285 0.5126422017870628
3.29 0.5167188589033391
3.295 0.5207654186707571
3.3000000000000003 0.5247886678927657
3.305 0.5287980867241902
3.31 0.5328057524447791
3.315 0.5368262258788368
3.3200000000000003 0.540876421072771
3.325 0.5449754591219282
3.33 0.5491445069368249
3.335 0.5534066020342092
3.34 0.5577864642904431
3.345 0.5623102958950978
3.35 0.5670055707140624
3.355 0.5719008142654345
3.36 0.5770253757381822
3.365 0.5824091933761142
3.37 0.5880825546903384
3.375 0.5940758529520873
3.38 0.6004193414266628
3.3850000000000002 0.6071428868863367
3.39 0.6142757238952465
3.395 0.6218462113456329
3.4 0.6298815927757584
3.4050000000000002 0.6384077619048242
3.41 0.6474490348500633
3.415 0.657027930404616
3.42 0.6671649597658798
3.4250000000000003 0.6778784269708785
3.43 0.689184241308539
3.435 0.7010957428616569
3.44 0.7136235422792706
3.4450000000000003 0.7267753757686928
3.45 0.7405559762387923
3.455 0.7549669614018384
3.46 0.7700067395736687
3.465 0.7856704337711045
3.47 0.8019498246212545
3.475 0.8188333124890732
3.48 0.8363058990865494
3.485 0.8543491887630484
3.49 0.8729414095018982
3.495 0.8920574535874222
3.5 0.9116689377376838
3.505 0.9317442824426381
3.5100000000000002 0.9522488100802591
3.515 0.9731448613108817
3.52 0.9943919291268266
3.525 1.0159468098363515
3.5300000000000002 1.0377637701637998
3.535 1.0597947295527832
3.54 1.0819894566745207
3.545 1.104295779062292
3.5500000000000003 1.1266598047113758
3.555 1.149026154437835
3.56 1.1713382036885462
