#DryVolFrac "volume fraction" kT/epsilon_converted
#0.06173110564582202 0.2163983908414291 14.13504245682338
#0.06544984694978735 0.22943443848247957 0.2720798988673366
#0.06693734347137338 0.23464885753889939 0.1269431426007259
#0.0691685882537527 0.24247048612353012 0.0637717303862533
#0.07065608477533872 0.24768490517994987 0.043699799751029944
#0.07437482607930405 0.2607209528210004 0.021056940984921717
#0.07958106390485488 0.27897141951846877 0.012706550605061132
0.08478730173040626 0.29722188621593915 0.008539008427703495
0.08924979129516435 0.3128651433851986 0.0063808495622628475
0.09371228085992295 0.3285084005544599 0.005304267634418243
0.1011497634678531 0.35458049583655904 0.0042491543907943975
0.10486850477181842 0.36761654347760947 0.00372649445862959
0.11379348390133513 0.39890305781613034 0.003191179775693939
0.11825597346609322 0.4145463149853898 0.002979993456650187
0.12271846303085128 0.43018957215464915 0.0028720969531706077
0.1249497078132306 0.4380112007392799 0.0028091383103052738
0.12941219737798867 0.4536544579085393 0.002717484061455401
0.1308996938995747 0.45886887696495915 0.002656818462434997
0.13833717650750488 0.48494097224705834 0.002551018973589567
0.13982467302909138 0.49015539130347985 0.002490021571928022
