Number of particles: 32
Initial configuration: FCC
Dry microgel radius [nm]: 50.0
Box length [units of dry radius]: 20.267689261862134
Number of monomers: 2916666.666666667
Flory interaction parameter (chi): 0.0
Young's calibration factor: 1.0
x-link fraction: 0.001
DryVolFrac increment: 1.0E-4
MC steps: 20000
Equilibration steps: 10000.0
Snapshot interval: 100
Displacement tolerance: 0.1
Particle radius change tolerance: 0.0
Particle radius bin width: 0.001
g(r) bin width: 0.005
phi0,	mu/KT,		(PV/NkT)_total,		1+(PV/NkT)_virial,		 1+(PV/NkT)_pair/calculated,		(PV/NkT)_FR,      <F_total>/V,      EntropySolid,		Freference/V,           <F_FR>/V,     <alpha>,      zeta, 		newHertzianPotential, 		SpringConstant, 		lindemannParameter
0.0121, -2292.413512407773, -2415.9450376389723, 2.7672736246848375, -2415.9450376389723, 0.0, -0.05395203233879166, 1.5541284681296739, -0.021617385045235495, 0.0, 3.505, 0.5212703337615502, 0.0, 0.023105469129130533, 1.0223089318127592
0.0122, -2881.830138771108, -3151.8743883720595, 7.376863199242625, -3151.8743883720595, 0.0, -0.14192779155368213, 1.6425709368062624, -0.015172619303249191, 0.0, 3.505, 0.5255783530488356, 0.0, 0.11048395225011158, 0.46879334372972226
0.0123, -1859.6641654198745, -1989.7971368099377, 9.75763023973238, -1989.7971368099377, 0.0, -0.19154928585977907, 1.692471764690957, -0.006645768248525865, 0.0, 3.505, 0.5298863723361211, 0.0, 0.8389742763314642, 0.17058407114500654
0.0124, -3729.1184896028653, -3675.8669694430832, 9.095260762952181, -3675.8669694430832, 0.0, -0.23072021487891328, 1.7315245209529309, -0.005952666344488217, 0.0, 3.505, 0.5341943916234067, 0.0, 0.997937478898864, 0.15683150935266027
0.0125, -3485.0079231621676, -3370.171150807677, 9.10786214028784, -3370.171150807677, 0.0, -0.3696015781584827, 1.870453867580712, -0.005563058005824101, 0.0, 3.505, 0.5385024109106922, 0.0, 1.1037131962716848, 0.14952700937448293
0.0126, -1168.748358050501, -1045.066508312837, 9.934280796328437, -1045.066508312837, 0.0, -0.39711708618461705, 1.8980479267072252, -0.0056111020127263996, 0.0, 3.505, 0.5428104301979777, 0.0, 1.1026308416685726, 0.1499982552797724
0.0127, -1176.1813174537644, -1051.724101652715, 10.199836332544894, -1051.724101652715, 0.0, -0.4254052016827648, 1.9263936637204948, -0.005254050631632476, 0.0, 3.505, 0.5471184494852632, 0.0, 1.2076536260055337, 0.1437058582088669
0.0128, -1185.6076179400732, -1056.3450906165651, 9.899102241869421, -1056.3450906165651, 0.0, -0.45327560737814837, 1.9542199284520247, -0.004936942782323597, 0.0, 3.505, 0.5514264687725488, 0.0, 1.3089709925983115, 0.1383936209612982
0.0129, -1233.2739135407787, -1094.9878703729096, 9.572008855130147, -1094.9878703729096, 0.0, -0.4820137955715358, 1.982930902422629, -0.004420590051349007, 0.0, 3.505, 0.5557344880598343, 0.0, 1.4815307847651609, 0.13042244088136698
0.013, -1270.8191052725, -1112.5739133303998, 9.956698404681182, -1112.5739133303998, 0.0, -0.5121600992360389, 2.0131221472586103, -0.004135069159540822, 0.0, 3.505, 0.5600425073471198, 0.0, 1.5901359793388978, 0.12621425624894733
0.0131, -1272.2738497798807, -1107.5462621804759, 10.003691802686086, -1107.5462621804759, 0.0, -0.5426909382854572, 2.043656131973457, -0.004160471713297652, 0.0, 3.505, 0.5643505266344052, 0.0, 1.5921165366950303, 0.1264583271384966
0.0132, -1286.4619699628192, -1112.191379645518, 10.109089844104346, -1112.191379645518, 0.0, -0.572906700883746, 2.0738965722706566, -0.0037783929242476166, 0.0, 3.505, 0.5686585459216907, 0.0, 1.7424191661470116, 0.12118794405777929
0.0133, -1284.3524099764716, -1101.6611238691394, 10.133254773755436, -1101.6611238691394, 0.0, -0.6041149727712533, 2.1050982028450576, -0.0038581232974554845, 0.0, 3.505, 0.5729665652089763, 0.0, 1.7229458727847016, 0.1221778533695028
0.0134, -1282.1412859388752, -1099.7164973026277, 10.58061816241543, -1099.7164973026277, 0.0, -0.6342300112996692, 2.135267231596629, -0.003474840508307275, 0.0, 3.505, 0.5772745844962618, 0.0, 1.8824357555668467, 0.11717976199873044
0.0135, -1302.3511240882588, -1110.26828048645, 10.851206340131466, -1110.26828048645, 0.0, -0.6653327097910646, 2.1664583755285958, -0.003154009073173365, 0.0, 3.505, 0.5815826037835473, 0.0, 2.0267829500344368, 0.11321015774809831
0.0136, -1328.7005737537982, -1134.120442116421, 11.214506462523486, -1134.120442116421, 0.0, -0.696412697011649, 2.197547171522809, -0.002836065895569671, 0.0, 3.505, 0.5858906230708328, 0.0, 2.1784925295217867, 0.10946602780206309
0.0137, -1385.3223773285522, -1172.158487909051, 10.934258722202364, -1172.158487909051, 0.0, -0.728773489051651, 2.2298912445515247, -0.0022448696664991124, 0.0, 3.505, 0.5901986423581184, 0.0, 2.477516303688974, 0.10289865284222584
0.0138, -1387.9069685755376, -1160.0783759907288, 11.14468826798136, -1160.0783759907288, 0.0, -0.7625569682499455, 2.263678142734471, -0.002407634685210457, 0.0, 3.505, 0.5945066616454039, 0.0, 2.402533520397167, 0.10474566575138393
0.0139, -1368.2300608999828, -1139.0481326411991, 11.691551776553904, -1139.0481326411991, 0.0, -0.7950411654317964, 2.296271599656249, -0.002106226664577005, 0.0, 3.505, 0.5988146809326894, 0.0, 2.566371979907795, 0.10159123146471681
0.014, -1384.0561170371323, -1145.7202254650967, 12.048031338428, -1145.7202254650967, 0.0, -0.8278851414936926, 2.329161345332985, -0.0019411299005254216, 0.0, 3.505, 0.6031227002199748, 0.0, 2.6629979398506713, 0.09996969270621163
0.0141, -1397.224457257209, -1153.4894159675382, 12.171448165098138, -1153.4894159675382, 0.0, -0.8611249771947067, 2.362382669629408, -0.001686727076931392, 0.0, 3.505, 0.6074307195072604, 0.0, 2.8126982922790362, 0.09750402785590744
0.0142, -1406.1382665705057, -1164.8764613423168, 12.66532974767087, -1164.8764613423168, 0.0, -0.8945976951881053, 2.3959450024735816, -0.001388007411465072, 0.0, 3.505, 0.6117387387945459, 0.0, 2.995349650013078, 0.09470729791301667
0.0143, -1454.142454847195, -1205.5910409017197, 11.971671775569975, -1205.5910409017197, 0.0, -0.9282631339333163, 2.429510315690725, -6.257116036343292E-4, 0.0, 3.505, 0.6160467580818314, 0.0, 3.4992364919690098, 0.08782870087814527
0.0144, -1503.2087242065793, -1230.2379359617419, 12.98523150985662, -1230.2379359617419, 0.0, -0.9640278830827196, 2.465437156104315, -2.815132913828333E-4, 0.0, 3.505, 0.6203547773691169, 0.0, 3.751564141618554, 0.08502090754120653
0.0145, -1485.3795692082704, -1208.571515087202, 12.731674746278781, -1208.571515087202, 0.0, -1.000036063620218, 2.5013943137142935, -2.737404371895267E-4, 0.0, 3.505, 0.6246627966564025, 0.0, 3.758266915641173, 0.08514123604580776
0.0146, -1491.1834007053728, -1210.6230021860833, 12.498349162680295, -1210.6230021860833, 0.0, -1.0349495333248815, 2.5362740891913242, 2.9170082566428037E-4, 0.0, 3.505, 0.628970815943688, 0.0, 4.203102630206305, 0.0806944591496646
0.0147, -1516.451711998978, -1221.5323434483246, 13.813785561653008, -1221.5323434483246, 0.0, -1.0712348264038707, 2.57273914502714, 5.118740539430079E-4, 0.0, 3.505, 0.6332788352309735, 0.0, 4.386183274834089, 0.07917234068520568
0.0148, -1521.0477736375344, -1218.2778101583838, 13.719484805916508, -1218.2778101583838, 0.0, -1.1073547691023229, 2.6088567867565478, 7.919259914819308E-4, 0.0, 3.505, 0.637586854518259, 0.0, 4.628261751610411, 0.07724837920898342
0.0149, -1525.1125703148666, -1216.510545170871, 14.786972137642234, -1216.510545170871, 0.0, -1.1438595079598715, 2.6455210202355417, 0.001030628500810654, 0.0, 3.505, 0.6418948738055444, 0.0, 4.841291918697296, 0.07569941931951522
0.015, -1535.311014475912, -1223.8152240116644, 14.73533543450263, -1223.8152240116644, 0.0, -1.180173530403482, 2.681810108915956, 0.0014249175049294736, 0.0, 3.505, 0.64620289309283, 0.0, 5.2146947361639056, 0.07310163126583644
0.0151, -1556.7487354801178, -1238.9746071366235, 14.438274558364558, -1238.9746071366235, 0.0, -1.2171652091010536, 2.718774416319352, 0.001912446031512009, 0.0, 3.505, 0.6505109123801155, 0.0, 5.7121414482175314, 0.07000094983894191
0.0152, -1577.7019881392937, -1248.8362967883047, 14.934132553635035, -1248.8362967883047, 0.0, -1.2545028073245974, 2.7561997125854982, 0.002399044420194479, 0.0, 3.505, 0.654818931667401, 0.0, 6.248436240238726, 0.06707694663733776
0.0153, -1599.5359645000929, -1260.3194345903776, 15.417888953120283, -1260.3194345903776, 0.0, -1.2924949301425375, 2.794216013538489, 0.00274844817375886, 0.0, 3.505, 0.6591269509546865, 0.0, 6.652856105068554, 0.06514846272374979
0.0154, -1621.0174553197953, -1277.4514813127867, 16.260022404906955, -1277.4514813127867, 0.0, -1.330875023945633, 2.8327201452022557, 0.0031339341571739263, 0.0, 3.505, 0.6634349702419721, 0.0, 7.1256420641766685, 0.06308692109952113
0.0155, -1637.768404291368, -1285.7776161776753, 16.485633802278265, -1285.7776161776753, 0.0, -1.3698928123982548, 2.871775532622227, 0.0036691729250126954, 0.0, 3.505, 0.6677429895292576, 0.0, 7.84061206450351, 0.06027168641506169
0.0156, -1647.657949213659, -1281.2212116100916, 16.887752660804697, -1281.2212116100916, 0.0, -1.4090727051004421, 2.910992686205353, 0.004050992457626244, 0.0, 3.505, 0.6720510088165431, 0.0, 8.375895632860034, 0.05843911961402835
0.0157, -1640.928420170071, -1271.3516501594922, 18.13949101027488, -1271.3516501594922, 0.0, -1.4485626845408575, 2.9506952236025894, 0.004290077970503664, 0.0, 3.505, 0.6763590281038286, 0.0, 8.7089409266728, 0.05743301808841243
0.0158, -1649.4486064253524, -1274.7636525225043, 18.252595293129264, -1274.7636525225043, 0.0, -1.4874212658994546, 2.989571195259411, 0.004912680021219536, 0.0, 3.505, 0.680667047391114, 0.0, 9.706716352188153, 0.054516414720426835
0.0159, -1675.1172857119166, -1288.6847699804123, 18.938091743902326, -1288.6847699804123, 0.0, -1.5273180542674474, 3.029557279670545, 0.005290492328684516, 0.0, 3.505, 0.6849750666783996, 0.0, 10.335052300162998, 0.05294445261697098
