Number of particles: 32
Initial configuration: FCC
Dry microgel radius [nm]: 50.0
Box length [units of dry radius]: 20.267689261862134
Number of monomers: 2916666.666666667
Flory interaction parameter (chi): 0.0
Young's calibration factor: 1.0
x-link fraction: 0.001
DryVolFrac increment: 1.0E-4
MC steps: 20000
Equilibration steps: 10000.0
Snapshot interval: 100
Displacement tolerance: 0.1
Particle radius change tolerance: 0.05
Particle radius bin width: 0.001
g(r) bin width: 0.005
phi0,	mu/KT,		(PV/NkT)_total,		1+(PV/NkT)_virial,		 1+(PV/NkT)_pair/calculated,		(PV/NkT)_FR,      <F_total>/V,      EntropySolid,		Freference/V,           <F_FR>/V,     <alpha>,      zeta, 		newHertzianPotential, 		SpringConstant, 		lindemannParameter
0.0121, 7.956656410353342, -1.4142778008111967, 1.0, 0.5389658162648769, -1.9532436170760736, -0.005268869150795866, 1.5054247358467556, -0.003681924182459445, 0.0014333772817153988, 3.5049043749999997, 0.0, 0.0, 1.657178456743217, 0.12071324122745848
0.0122, 12.892532916617398, 4.684138050157058, 1.0, 5.544290784941853, -0.8601527347847955, -0.0047526289733585796, 1.504950320268334, -0.003527217517437344, 0.0014108638289276208, 3.5049940625, 0.0, 0.0, 1.7309721711023267, 0.11843661719068294
0.0123, 10.526796017995085, -7.174379027286371, 1.0, -8.318682127266245, 1.1443030999798742, -0.004653296047999477, 1.5048152116614568, -0.003269913484713103, 0.0014154369290772168, 3.5049162500000004, 0.0, 0.0, 1.8507383845621201, 0.1148524546441667
0.0124, 20.085060281645116, 21.614980985385767, 1.0, 20.635947507673322, 0.9790334777124465, -0.00425001148700338, 1.504412706289613, -0.002659554639920619, 0.0014885155119739155, 3.504971562500001, 0.0, 0.0, 2.145729952274302, 0.10695410480910142
0.0125, 15.349778578878379, 5.639758338660907, 1.0, 6.29141829394925, -0.651659955288343, -0.003694305060162722, 1.5038533147255673, -0.003317309287683132, 0.001486190649015589, 3.5050750000000006, 0.0, 0.0, 1.8525614370164094, 0.11541478717249247
0.0126, 7.916490331209718, -16.77488546201757, 1.0, -17.27995517747994, 0.5050697154623719, -0.003517113546145005, 1.5036832307519457, -0.002189903391935055, 0.00148118009142841, 3.504908437500001, 0.0, 0.0, 2.4118533419606853, 0.10142051873508003
0.0127, 14.203608293088543, 6.94218944696331, 1.0, 5.37699473517672, 1.5651947117865892, -0.0033163204897173554, 1.5034782424073023, -0.0021173161070690226, 0.0015338167466641833, 3.5050212499999986, 0.0, 0.0, 2.4611925751953767, 0.10066369537220368
0.0128, 9.053743808197842, -2.6245139894490217, 1.0, -1.9028993067014133, -0.7216146827476085, -0.002838941205269181, 1.5030635771730443, -0.0018243142221867484, 0.0015800672284487054, 3.504860000000001, 0.0, 0.0, 2.6385170264388127, 0.09747677073029978
0.0129, 7.236515691873334, -1.2380493195857747, 1.0, -0.9901681209600901, -0.24788119862568467, -0.002884036065548657, 1.5030241731699514, -0.0015438668238992683, 0.0015240507339786028, 3.504938125000001, 0.0, 0.0, 2.8176486115276544, 0.09457236467971544
0.013, 12.603701409941136, 5.960910063697432, 1.0, 5.783980787458775, 0.17692927623865687, -0.0024934230323320687, 1.5027091251283502, -0.001398905730848555, 0.0015918604665805147, 3.50497875, 0.0, 0.0, 2.9169365913744354, 0.09318844187821632
0.0131, 13.546523705361375, 4.604674028496376, 1.0, 5.008673479881991, -0.40399945138561466, -0.0022822536513547303, 1.5025111882668656, -0.0012098581725793118, 0.0015569886456702345, 3.504789062500001, 0.0, 0.0, 3.047544791779235, 0.09140286531789539
0.0132, 20.893069102465716, -0.6388468810352612, 1.0, -0.6313323166979287, -0.007514564337332528, -0.0018466241695061284, 1.5020827085417665, -9.555914078535958E-4, 0.0015963417326900506, 3.5048537500000005, 0.0, 0.0, 3.2275270483126564, 0.08904320679816954
0.0133, 25.380497721555475, 16.226498080952524, 1.0, 16.725620319374517, -0.4991222384219932, -0.0012846830841493398, 1.5015051766768355, -1.6828441728656627E-4, 0.0015808168476022432, 3.5050093750000006, 0.0, 0.0, 3.8334373287758265, 0.08190947148622413
0.0134, 20.963791855743146, 15.043515585280385, 1.0, 14.808925131048742, 0.23459045423164293, -6.347946683506859E-4, 1.5008847691342544, -5.017321704169422E-4, 0.0015962820831732958, 3.504820000000001, 0.0, 0.0, 3.5684869699270125, 0.08510804913162101
0.0135, 20.81295753405681, 2.171319766864984, 1.0, 2.1532279816874556, 0.018091785177528266, -2.837357542119978E-4, 1.5005759874011597, 1.163739600194207E-4, 0.0016158428224391894, 3.5047943750000004, 0.0, 0.0, 4.074562428601266, 0.07984514768535919
0.0136, 15.523910618434211, -3.3418938282243635, 1.0, -2.926184204020641, -0.41570962420372237, 3.5895085322136793E-4, 1.4998750335903863, 3.9426802029814747E-4, 0.0016210843144696882, 3.5048971875000006, 0.0, 0.0, 4.320293705599454, 0.07773216438396255
0.0137, 3.678572538566212, -15.030349992901517, 1.0, -13.838120632008849, -1.192229360892667, 4.574763791001723E-4, 1.4998450772560468, 0.0010176691400507224, 0.00161983362517711, 3.5047184375000002, 0.0, 0.0, 4.922050881326432, 0.0730037047652867
0.0138, 17.889317762574844, 11.540324735593519, 1.0, 10.578652638335187, 0.9616720972583318, 5.345897541318423E-4, 1.4997519699816646, 0.001295731267050302, 0.0015878067618510456, 3.504848437500001, 0.0, 0.0, 5.207501348941363, 0.07114691833052472
0.0139, 22.122551512445558, -0.583833027346889, 1.0, -2.0082014371175685, 1.4243684097706795, 0.001311628384236802, 1.4989946326932333, 0.0013318422636398465, 0.0016887617777515138, 3.5047412500000004, 0.0, 0.0, 5.23562624249944, 0.0711265443652509
0.014, 18.0793023029071, 6.0365280629150995, 1.0, 7.547364601518066, -1.510836538602967, 0.001590863782235081, 1.4987156522622587, 0.002380172116011965, 0.001680114074425859, 3.5048390625000003, 0.0, 0.0, 6.483180347526283, 0.06407073718735644
0.0141, 19.217611602541236, 2.7720086849338195, 1.0, 1.3378717274445702, 1.434136957489249, 0.0021748514829849075, 1.4981916596612819, 0.001918118211629857, 0.0016406262763894155, 3.5048715625000004, 0.0, 0.0, 5.877432062336757, 0.0674512997139598
0.0142, 20.16352284854147, -5.60069427360052, 1.0, -8.96052726950357, 3.3598329959030506, 0.0025084371465244606, 1.4978912808513287, 0.003161750208265193, 0.0017718603648829738, 3.5048346874999994, 0.0, 0.0, 7.543335284652844, 0.059679544921406355
0.0143, 23.336691632792718, 10.574530704612137, 1.0, 11.631989679719014, -1.0574589751068768, 0.0031375887824324324, 1.497160242967839, 0.003157470557013264, 0.0018260022649548664, 3.504688437500001, 0.0, 0.0, 7.5019459441136975, 0.059984099167130475
0.0144, 25.76733985200754, 7.412832986201015, 1.0, 11.034325401332012, -3.621492415130997, 0.0036226820951555314, 1.4967349013403621, 0.0037713765739188047, 0.001746908911197581, 3.504909375000001, 0.0, 0.0, 8.444243292007624, 0.056669783796959576
0.0145, 33.35688191606926, 16.966590878664636, 1.0, 17.553949886458636, -0.587359007794, 0.004367888634765169, 1.4960319919075789, 0.004035898906819371, 0.0016773513629501282, 3.5047831250000008, 0.0, 0.0, 8.852648650556594, 0.055474979091978426
0.0146, 27.724424383805857, 3.5579848124730193, 1.0, 2.7333054298786177, 0.8246793825944015, 0.005215355888078054, 1.4952108330451641, 0.004549376156452804, 0.0017420004652278689, 3.5047218749999995, 0.0, 0.0, 9.742071908858405, 0.053003316748052406
0.0147, 24.77543921694096, -1.2042374010917125, 1.0, -1.2132890426806033, 0.009051641588890859, 0.005691632390283222, 1.4947614275308938, 0.005180638391209869, 0.0017405899230835042, 3.504807812500001, 0.0, 0.0, 10.957065836197362, 0.050092157393007854
0.0148, 33.368389312571374, 12.618343335144298, 1.0, 12.949351650439054, -0.3310083152947569, 0.00639829597367274, 1.4940097015999358, 0.005782862043252334, 0.0017661141448306159, 3.504699062500001, 0.0, 0.0, 12.234626056935086, 0.04751196390066491
0.0149, 39.94152194189305, 20.312694105212113, 1.0, 21.346789503679584, -1.0340953984674712, 0.007284855620916374, 1.4931031617865753, 0.006163063432481943, 0.0017486518475709758, 3.5047450000000016, 0.0, 0.0, 13.067407865482329, 0.04607639152365687
0.015, 29.982634768813885, 7.418018325780567, 1.0, 6.752513023824264, 0.6655053019563029, 0.008305363169172443, 1.4921815191669117, 0.006705011923177028, 0.0017402115634223589, 3.5047106249999995, 0.0, 0.0, 14.38486801668733, 0.044013770312384105
0.0151, 42.05719182106444, 16.788279570696588, 1.0, 13.83150426597973, 2.9567753047168597, 0.00871642098002907, 1.491809110171334, 0.0072191064896330965, 0.0018036302059546703, 3.5048065624999993, 0.0, 0.0, 15.731135562450483, 0.04218163144437037
0.0152, 52.1751445342137, 25.7006212024091, 1.0, 25.75088267033005, -0.05026146792095183, 0.010313446160438375, 1.4902107493936003, 0.007891681630532202, 0.001905276326830403, 3.5047790625000004, 0.0, 0.0, 17.707423760791354, 0.03984568214038192
0.0153, 58.21156468531231, 35.33037337194299, 1.0, 36.8696990301271, -1.5393256581841146, 0.01120760062777533, 1.4892815332175058, 0.008451306543148697, 0.0018262998229876997, 3.5045474999999993, 0.0, 0.0, 19.4821309935405, 0.038070625108633724
0.0154, 68.61662031713335, 35.4173452953233, 1.0, 33.53041459418503, 1.8869307011382708, 0.013092843639872695, 1.487585081672115, 0.008948148052904085, 0.0018556521408724398, 3.5046168750000004, 0.0, 0.0, 21.15800039424296, 0.03661120503519593
0.0155, 60.74614891293073, 28.156425854897684, 1.0, 28.283694728181136, -0.12726887328345057, 0.014483802918294795, 1.4861096018884428, 0.00998262794577003, 0.001940493505947992, 3.5046890625000002, 0.0, 0.0, 25.3672758949082, 0.0335082240286034
0.0156, 63.237181131049695, 29.838151489352327, 1.0, 30.90727281632611, -1.0691213269737805, 0.015993258601859482, 1.484736810786605, 0.010446113031443813, 0.0018746141256702005, 3.504353437500001, 0.0, 0.0, 27.304865749887867, 0.03236676320098038
0.0157, 160.1810625028946, 121.69316436972883, 1.0, 120.19815080490307, 1.4950135648257734, 0.017503155907556023, 1.4832254994873295, 0.011506196893451927, 0.0019134802371938082, 3.504550625000001, 0.0, 0.0, 32.762029768330855, 0.029611397959103735
0.0158, 272.0276722534819, 229.92241408618938, 1.0, 230.03849743847815, -0.11608335228877274, 0.02364134096797374, 1.477085312279964, 0.012207380420231737, 0.001970371309742489, 3.5044349999999995, 0.0, 0.0, 36.73350176424677, 0.028024139783893176
0.0159, 282.0164955722657, 234.8637032345112, 1.0, 236.5891781590527, -1.72547492454149, 0.030491520516633126, 1.4703701731353056, 0.013371841205877909, 0.0019328790743796595, 3.5044437500000014, 0.0, 0.0, 44.73062776733468, 0.025449209992287714
