Number of particles: 32
Initial configuration: FCC
Dry microgel radius [nm]: 50.0
Box length [units of dry radius]: 20.267689261862134
Number of monomers: 2916666.666666667
Flory interaction parameter (chi): 0.0
Young's calibration factor: 1.0
x-link fraction: 0.001
DryVolFrac increment: 1.0E-4
MC steps: 20000
Equilibration steps: 10000.0
Snapshot interval: 100
Displacement tolerance: 0.1
Particle radius change tolerance: 0.05
Particle radius bin width: 0.001
g(r) bin width: 0.005
phi0,	mu/KT,		(PV/NkT)_total,		1+(PV/NkT)_virial,		 1+(PV/NkT)_pair/calculated,		(PV/NkT)_FR,      <F_total>/V,      EntropySolid,		Freference/V,           <F_FR>/V,     <alpha>,      zeta, 		newHertzianPotential, 		SpringConstant, 		lindemannParameter
0.0121, 12.46616509197205, -2.977966537533317, 1.0, -4.37332637156124, 1.3953598340279234, -0.005949480531126959, 1.5060955731712988, -0.0033850613654070162, 0.0013824015864803039, 3.504967187499999, 0.52127007850534, 0.0, 1.7786215982011684, 0.11651927392544105
0.0122, 36.34140138281124, 28.644130856207646, 1.0, 26.718147364312124, 1.9259834918955225, -0.0046452962152373056, 1.5048167824212257, -0.003461275949307731, 0.0015285152460247447, 3.5048468749999997, 0.52557809568307, 0.0, 1.7581530092582842, 0.11751754309379127
0.0123, 15.642018663926143, 17.325170516971927, 1.0, 20.35559053839193, -3.030420021420003, -0.004214306430438644, 1.5044067458306403, -0.002998133601325734, 0.0014994181513788847, 3.5049859374999994, 0.5298861128608001, 0.0, 1.972454260188996, 0.11125238425053084
0.0124, 9.633398618826888, 1.0221702327037732, 1.0, 1.238680749550086, -0.21651051684631273, -0.0038984448381474465, 1.5040499124253608, -0.0035218653625706314, 0.0014082041311579026, 3.5049837499999996, 0.5341941300385301, 0.0, 1.7559671608808785, 0.1182297561947613
0.0125, 6.897515003944113, -9.451912778320409, 1.0, -12.37151960124539, 2.9196068229249823, -0.003754345527750363, 1.5039682135288883, -0.002580903869693009, 0.0015117935055400287, 3.5047871875, 0.5385021472162602, 0.0, 2.1954580693562806, 0.10601936319601725
0.0126, 4.737961721209525, 2.6556137188272957, 1.0, 2.4747643766873155, 0.18084934213998013, -0.0035691127557689805, 1.503753336335267, -0.0027224626215603042, 0.0015717937845725436, 3.5050596874999997, 0.5428101643939902, 0.0, 2.135193777949747, 0.10779103150208434
0.0127, 16.68211682340897, 10.32210081697429, 1.0, 10.9622938055288, -0.6401929885545096, -0.003528124519317159, 1.5037209576061388, -0.002468040185328824, 0.001545377533258605, 3.5049156249999993, 0.5471181815717203, 0.0, 2.272861723413869, 0.10475123695361231
0.0128, 21.602368878936193, 11.405705144209668, 1.0, 11.793951036452151, -0.38824589224248335, -0.002772600349664379, 1.5029333328112395, -0.002402099984409877, 0.0015655634750412412, 3.5049528125000005, 0.5514261987494504, 0.0, 2.316592816061232, 0.10402943291877802
0.0129, -0.33126236600151004, -17.06497767672782, 1.0, -16.263388563298907, -0.8015891134289146, -0.0024966873824439923, 1.502694694294545, -0.0019753962861934443, 0.00155130208669047, 3.5048868750000013, 0.5557342159271804, 0.0, 2.5586352146618783, 0.0992438211725466
0.013, 14.001144737268154, -18.386757568417433, 1.0, -17.809220901117346, -0.5775366673000868, -0.002788416962567216, 1.5030443798791338, -0.0015950418995114815, 0.0015513416092644706, 3.504916875000001, 0.5600422331049105, 0.0, 2.79279502466549, 0.09523706732521363
0.0131, 24.296360919910903, 10.848169192174435, 1.0, 10.12040470274694, 0.7277644894274945, -0.0018281819642796014, 1.5020169907983447, -4.1062824534056363E-4, 0.0015475935360538657, 3.5048806249999997, 0.5643502502826405, 0.0, 3.6335276371765173, 0.0837087053469099
0.0132, 10.294432871647041, 11.643025017030746, 1.0, 10.245390089054425, 1.3976349279763218, -0.0016283511807026452, 1.5018463770100856, -9.312960012659223E-4, 0.0016097171862640412, 3.5048909374999995, 0.5686582674603706, 0.0, 3.244696577049334, 0.08880730527290187
0.0133, 14.526166171573726, 3.510988879289054, 1.0, 3.7567467972979527, -0.2457579180088988, -0.0013366590009245049, 1.5015679216629287, -4.6445733507370206E-4, 0.0016387153426187947, 3.505098437500001, 0.5729662846381006, 0.0, 3.5950938895729627, 0.08458107274415845
0.0134, 20.028460690321932, 5.887307516430498, 1.0, 7.845374354434822, -1.9580668380043236, -9.347778355885757E-4, 1.5012410027542773, -3.9224421221163887E-4, 0.0016226254460067445, 3.504794687500001, 0.5772743018158307, 0.0, 3.6535333488797552, 0.08411165054536232
0.0135, 23.112157128683663, -0.1454149063725243, 1.0, 0.0670536196419008, -0.2124685260144251, -3.803704445085698E-4, 1.5006180874976789, 2.1883051028645794E-4, 0.0015694428280058896, 3.5048987500000006, 0.5815823189935607, 0.0, 4.164684632631008, 0.07897651331979116
0.0136, 16.979596685534723, 6.259414792395078, 1.0, 4.322064887721669, 1.9373499046734093, 1.68746380175402E-4, 1.5001161627152573, 7.27100105079017E-4, 0.0016357318260160976, 3.504770312500001, 0.5858903361712908, 0.0, 4.636080590712002, 0.0750381136855248
0.0137, 13.571903087224316, -2.5861066214615014, 1.0, -3.8630147945553404, 1.276908173093839, 4.303455787543144E-4, 1.4998411389761388, 7.388925762174392E-4, 0.0016859993519484596, 3.504915312500001, 0.5901983533490209, 0.0, 4.641641565873686, 0.07517650811650371
0.0138, 15.652350729645692, -1.473634669279389, 1.0, -0.8579933431487301, -0.6156413261306588, 8.167570192241735E-4, 1.4994575838592985, 0.001503092575507661, 0.0017213128295283204, 3.5048409374999996, 0.5945063705267509, 0.0, 5.43801850810046, 0.06962263382172555
0.0139, 10.505399076738408, -0.44234683030016075, 1.0, 2.1319719995265043, -2.574318829826665, 0.0011776902756436584, 1.499126788654667, 0.0015665450378050554, 0.0016815512066276437, 3.5048178125000002, 0.598814387704481, 0.0, 5.496764073641912, 0.06941646261151775
0.014, 24.337890561123853, 11.742339728016017, 1.0, 12.923563615398312, -1.1812238873822956, 0.0013183528768889589, 1.498958525243723, 0.002031403971102522, 0.001622593140860209, 3.5047075000000008, 0.603122404882211, 0.0, 6.033936495312969, 0.06641304683217072
0.0141, 36.403135289242215, 18.465341315059167, 1.0, 16.110401869624013, 2.3549394454351527, 0.0023397389518133916, 1.4980185169859628, 0.0021781247348244123, 0.0016483318224673974, 3.5049150000000004, 0.6074304220599411, 0.0, 6.198304305684861, 0.06568219900663917
0.0142, 12.110843567668184, -10.636112337076298, 1.0, -9.902009511023172, -0.7341028260531273, 0.0030564745544867326, 1.4972862759672616, 0.0028855781446081178, 0.0017584138101136243, 3.5047375, 0.6117384392376711, 0.0, 7.132068746096995, 0.061376122543044524
0.0143, 11.165830935714936, -11.559949768681658, 1.0, -10.2054413822613, -1.3545083864203578, 0.0029179891374555146, 1.4974676519561607, 0.0032618048848960194, 0.0016380473861079131, 3.5048181250000012, 0.6160464564154012, 0.0, 7.66139639662013, 0.05935661688731743
0.0144, 33.12780454021043, 13.035744342223342, 1.0, 10.051431949634882, 2.9843123925884596, 0.003589603710630963, 1.4968232687741883, 0.003975462856878572, 0.0017166505522180151, 3.504667812500001, 0.6203544735931313, 0.0, 8.796370254404334, 0.05552392691255789
0.0145, 36.9825610563288, 26.83789321613285, 1.0, 26.08837267850954, 0.7495205376233133, 0.004499725291362501, 1.4958606667845704, 0.004226489248927885, 0.0018043801755919752, 3.504699375, 0.6246624907708613, 0.0, 9.194506315446372, 0.05443391283261189
0.0146, 20.409798841252158, -1.1018975837613567, 1.0, 0.9653225642677895, -2.067220148029146, 0.00535539093072473, 1.494968391411191, 0.004456066293717245, 0.001777325524193467, 3.504571875000001, 0.6289705079485914, 0.0, 9.564236884503318, 0.0534938124068557
0.0147, 31.899315571058597, 11.428998279181311, 1.0, 11.582042838368846, -0.15304455918753504, 0.005474221403291457, 1.4948914524194834, 0.005241277579452387, 0.0017300246090755274, 3.504736250000001, 0.6332785251263214, 0.0, 11.088135029409987, 0.04979521582284501
0.0148, 44.91242597822726, 28.76741462807812, 1.0, 28.196217730218372, 0.5711968978597499, 0.006878471057039402, 1.4935193588387436, 0.005430282645090074, 0.0017935559345444026, 3.5047068749999992, 0.6375865423040515, 0.0, 11.422646847142872, 0.049171669883395934
0.0149, 27.631776354592947, 4.515481677148898, 1.0, 4.207782210628765, 0.3076994665201329, 0.007618631783496574, 1.492802328772914, 0.005992574974572693, 0.0017815344943661762, 3.5048409375000005, 0.6418945594817815, 0.0, 12.643431893054565, 0.04684256806900797
0.015, 34.23372151459869, 6.027495044785173, 1.0, 6.0753488251243635, -0.04785378033919089, 0.008197791195012369, 1.4922118768937067, 0.006512178148363705, 0.001832160716558907, 3.5046409375, 0.6462025766595116, 0.0, 13.861555345322609, 0.04483689522777608
0.0151, 42.43603526279448, 17.53958749946955, 1.0, 16.146242624657237, 1.3933448748123147, 0.009253171583340498, 1.491298563478645, 0.007316848244542796, 0.0018036784542143102, 3.5047490624999993, 0.6505105938372416, 0.0, 16.027418708900782, 0.041789927545278445
0.0152, 40.49303854361399, 10.302121943246094, 1.0, 10.98220278194096, -0.6800808386948649, 0.010223962628201085, 1.490394767991927, 0.0076752492997133595, 0.0019225778146868691, 3.50450125, 0.6548186110149717, 0.0, 16.995330032887786, 0.04067187135223893
0.0153, 64.67776202048364, 38.00055875295063, 1.0, 40.387701351738116, -2.3871425987874852, 0.011186571756848541, 1.4894266375429202, 0.008724822626879281, 0.001796504062569237, 3.5046312500000014, 0.6591266281927018, 0.0, 20.512402333414165, 0.037102226666315706
0.0154, 58.03309069847025, 32.1272200918555, 1.0, 32.04724244382545, 0.07997764803004687, 0.013312098288305452, 1.487299456878846, 0.008916812202892761, 0.00183208386458439, 3.5045831250000004, 0.6634346453704318, 0.0, 21.03426100843299, 0.036718734483570624
0.0155, 51.01697508726444, 11.370273837828993, 1.0, 11.60486774582311, -0.23459390799411742, 0.013957447731117092, 1.4866294024668212, 0.009904655198048923, 0.0018241160109181453, 3.5047321875, 0.667742662548162, 0.0, 25.002080267305466, 0.033752057635600664
0.0156, 79.06103530201547, 45.81266662615331, 1.0, 44.133217931371, 1.6794486947823102, 0.015747979418325717, 1.484895411215792, 0.010757508650032464, 0.0018444198113474778, 3.5044074999999997, 0.6720506797258919, 0.0, 28.92208256704294, 0.03144883141678329
0.0157, 145.40929844176316, 112.31974598747105, 1.0, 112.07575953274393, 0.24398645472711708, 0.017732334103400672, 1.4830169009131877, 0.011428167470935183, 0.0019279501871890844, 3.504564062500001, 0.676358696903622, 0.0, 32.29600618026669, 0.029824275436045253
0.0158, 234.9103996297395, 195.11350795384882, 1.0, 197.13659656330603, -2.023088609457191, 0.02269076200388509, 1.4780109759339521, 0.012257110546181569, 0.0018806291814387035, 3.5044521874999996, 0.680666714081352, 0.0, 37.06829917597356, 0.027897297021331452
0.0159, 338.60361678293367, 295.174650251849, 1.0, 294.81031758805557, 0.3643326637934563, 0.028948479488830347, 1.4718502533146536, 0.01319625754246911, 0.0018551602541131175, 3.5044384374999997, 0.6849747312590821, 0.0, 43.32915850581405, 0.02585750840802404
