Number of particles: 32
Initial configuration: FCC
Dry microgel radius [nm]: 50.0
Box length [units of dry radius]: 19.864645802094532
Number of monomers: 2916666.666666667
Number of chains: 2916.666666666667
Flory interaction parameter (chi): 0.0
Young's calibration factor: 0.35
x-link fraction: 0.001
Reservoir swelling ratio: 3.505574917793274
Mean swelling ratio: 3.504736250000001
Dry volume fraction: 0.01709999999999996
Reservoir volume fraction: 0.7366715010387426
Actual volume fraction: 0.7343328700441755
MC steps: 20000
Equilibration steps: 10000.0
Snapshot interval: 100
Displacement tolerance: 0.1
Particle radius change tolerance: 0.05
Particle radius bin width: 0.001
g(r) bin width: 0.005
Mean pair energy <E_pair>/N [kT]: 0.7566638307325141
The coupling constant increment - dlambda: 0.0
phi0,         Freference/V,           <F_FR>/V,     		<alpha>,      		zeta, 	 		SpringConstant, 		lindemannParameter
0.0101, -0.008184618054369668, 0.0012148006485648746, 3.505133437499999, 0.43511006786498935, 0.38682184457325713, 0.23524986848155208
0.0102, -0.007996646647317352, 0.0012453194464862457, 3.505053437500001, 0.4394180883389001, 0.4172877917655646, 0.22724446375169957
0.0103, -0.007793902887612832, 0.0012520729758091092, 3.505073125, 0.4437261088128108, 0.45135229063462423, 0.21921268253540827
0.0104, -0.008087158033896247, 0.0012460040141057931, 3.5050934375000007, 0.4480341292867216, 0.42484788071573937, 0.22667596789536662
0.0105, -0.007678456456624485, 0.0012870500147254308, 3.5050418750000008, 0.45234214976063236, 0.48544985520389905, 0.21273323230896768
0.0106, -0.007744100904101823, 0.0012843486950509153, 3.505073125, 0.45665017023454313, 0.486339677550747, 0.2132111262822629
0.0107, -0.007821261532235821, 0.0013316000475641313, 3.5050743750000013, 0.4609581907084539, 0.4857042969801994, 0.2140193530359821
0.0108, -0.007452718755185163, 0.0012989265911922325, 3.5051646875, 0.46526621118236466, 0.5463593555832807, 0.2024167683482978
0.0109, -0.007105917235561857, 0.001381672876263664, 3.5051309375000006, 0.46957423165627543, 0.6097463950957837, 0.1921964252529297
0.011, -0.0072602146396159315, 0.00137009240347018, 3.5049909374999992, 0.47388225213018614, 0.595556437798037, 0.19506552775544964
0.0111, -0.00804058208862187, 0.001333197796005306, 3.50515375, 0.4781902726040969, 0.4946175255436326, 0.21469272904535153
0.0112, -0.007238858966538973, 0.0013480129312421435, 3.5050565625, 0.4824982930780077, 0.6192937389215674, 0.19244298738981033
0.0113, -0.007629203190076557, 0.0013650087022949637, 3.505041562500001, 0.48680631355191845, 0.569808389440489, 0.20122077717939948
0.0114, -0.007502026760651126, 0.001424400974029367, 3.5051425000000007, 0.4911143340258292, 0.5984484781680695, 0.19692430775144817
0.0115, -0.006511684031044561, 0.001466136190282885, 3.5050021874999997, 0.49542235449974, 0.7796841108729535, 0.17302852223728718
0.0116, -0.007678575683884429, 0.0014490345666296977, 3.5050181250000003, 0.49973037497365075, 0.5915819294473382, 0.19921543029463948
0.0117, -0.006108487941971118, 0.0014304982876598344, 3.5050590625, 0.5040383954475615, 0.8851503925772565, 0.16332945562734902
0.0118, -0.007214904965367152, 0.0014469874768692737, 3.505104375, 0.5083464159214722, 0.6840584435901587, 0.18631957817419567
0.0119, -0.007022408465653038, 0.0014877078856027188, 3.505015, 0.512654436395383, 0.7272734607079443, 0.18120821306432736
0.012, -0.006543668477205608, 0.0014603005947380347, 3.5050743750000004, 0.5169624568692938, 0.8274096501901351, 0.17036402217874472
0.0121, -0.007746978584593104, 0.00147941951914258, 3.5049865625, 0.5212704773432045, 0.6291975617946102, 0.19590523214335956
0.0122, -0.006096165631455823, 0.0014924140022674298, 3.5050840625, 0.5255784978171153, 0.9433610060229124, 0.1604323987593
0.0123, -0.005768116379508467, 0.0015371791129616525, 3.5051115624999998, 0.5298865182910261, 1.0305677401140252, 0.1539127244558331
0.0124, -0.00631660158364161, 0.0015177156631256915, 3.5049531250000006, 0.5341945387649368, 0.9169813928461011, 0.1636080721713172
0.0125, -0.005710310180096, 0.0015757158574340353, 3.5049534374999998, 0.5385025592388476, 1.0668629296787902, 0.15208747593639851
0.0126, -0.0056715228087613504, 0.0015773351163078757, 3.5050024999999994, 0.5428105797127584, 1.087494061456393, 0.15103855724548101
0.0127, -0.004418974510603625, 0.0015354593236368834, 3.505064062500001, 0.547118600186669, 1.45968757753948, 0.13071207575076335
0.0128, -0.0060858977547732515, 0.0016003061182065293, 3.5049500000000005, 0.5514266206605798, 1.0105475677597315, 0.1575080312511008
0.0129, -0.0049042784255873655, 0.0015825785992277552, 3.5051187500000007, 0.5557346411344906, 1.3297511590978421, 0.13766466273987765
0.013, -0.004194160260239661, 0.0015639737459379813, 3.5049793750000005, 0.5600426616084013, 1.5694366395066917, 0.1270438513425071
0.0131, -0.004588786846529497, 0.0016787150017433558, 3.505061250000001, 0.5643506820823121, 1.448915097243983, 0.13256027311879956
0.0132, -0.0046216003963269366, 0.0016660596333537777, 3.505088750000001, 0.5686587025562229, 1.449379184718288, 0.13287544365842635
0.0133, -0.003993544837580198, 0.0016334165867825927, 3.5049971875000008, 0.5729667230301336, 1.6731107544695403, 0.12398409093452108
0.0134, -0.0038168158565924436, 0.0016835909681827644, 3.5050134375000006, 0.5772747435040444, 1.7489241159885387, 0.12157022209982452
0.0135, -0.003325467454426127, 0.0016913504335010572, 3.5050065624999998, 0.5815827639779552, 1.953922454138236, 0.11530160554323628
0.0136, -0.0035169496598269684, 0.0016970828587114667, 3.5050175000000006, 0.5858907844518659, 1.8857307322814236, 0.11765694216353885
0.0137, -0.003255187928826401, 0.0016603569219834093, 3.50497625, 0.5901988049257767, 2.0030602637147443, 0.11443817986138706
0.0138, -0.0028007728211178994, 0.0017284171935001474, 3.5050475000000008, 0.5945068253996875, 2.2131200076067676, 0.10913606907826166
0.0139, -0.002814573857651634, 0.0017555419425226062, 3.504961875, 0.5988148458735982, 2.215758623994576, 0.10933389073032342
0.014, -0.0033860283225947935, 0.0016905971697784173, 3.5049631250000006, 0.603122866347509, 1.9777247941942062, 0.11600343336527988
0.0141, -0.002103072310911926, 0.0017502697422809687, 3.5049903125000004, 0.6074308868214197, 2.5831937525802826, 0.10174325803075623
0.0142, -0.0019409586926494617, 0.0017166744733084337, 3.5050131249999996, 0.6117389072953304, 2.6773072596103735, 0.10017471160567966
0.0143, -0.0015400039689739376, 0.0017974580574945797, 3.50494375, 0.6160469277692412, 2.910255358571038, 0.09630693411508466
0.0144, -0.0017150214035922806, 0.0017987247860437564, 3.5049718749999994, 0.620354948243152, 2.81570191770472, 0.09813831255394288
0.0145, -0.001105813508486259, 0.0017882220854740726, 3.50496125, 0.6246629687170627, 3.1852835789667737, 0.09248253167265322
0.0146, -0.0010352991077211553, 0.0017667707168227665, 3.5049831250000008, 0.6289709891909735, 3.2343291468937223, 0.09198914984134392
0.0147, -4.310352529921693E-4, 0.0018531144924582488, 3.505015937500001, 0.6332790096648843, 3.645738229971618, 0.0868408630354618
0.0148, 1.6706778901213597E-4, 0.00178634855026141, 3.5050003125000013, 0.637587030138795, 4.097910517955426, 0.08209507365201664
0.0149, 3.489992610193516E-4, 0.0018005915100881937, 3.5049796874999997, 0.6418950506127058, 4.243172128674677, 0.08085890549291397
0.015, 5.964331882411517E-4, 0.001900756115480301, 3.5049375000000005, 0.6462030710866166, 4.447168044557882, 0.07915889867507583
0.0151, 7.787379755646242E-4, 0.0018924810324784658, 3.5049671875000006, 0.6505110915605273, 4.60051266066471, 0.07800102225945774
0.0152, 6.905893164480486E-4, 0.0018722324716582482, 3.5049000000000006, 0.6548191120344381, 4.519180978415671, 0.07887313252169884
0.0153, 0.0012415843462295084, 0.0018340895185012392, 3.504892500000001, 0.6591271325083489, 5.008539767739375, 0.07508491167293865
0.0154, 0.0018746692449279196, 0.0019169340134530576, 3.5049540624999995, 0.6634351529822596, 5.629314412528419, 0.0709779711405931
0.0155, 0.0021893023915324633, 0.001913490165362698, 3.5048581249999997, 0.6677431734561703, 5.954209081168635, 0.06916339228742618
0.0156, 0.002244648064806846, 0.0019479256568704511, 3.5048562500000005, 0.6720511939300811, 5.9989054550807195, 0.0690531166095063
0.0157, 0.002710521935565387, 0.0019865355824361277, 3.5048587499999995, 0.6763592144039919, 6.516483028537408, 0.06639535189818528
0.0158, 0.0032564287904751415, 0.001967205598500416, 3.5048490625000017, 0.6806672348779027, 7.1753079152760035, 0.06340787294349791
0.0159, 0.0035553227244549796, 0.0019722310989199574, 3.504951875000001, 0.6849752553518135, 7.54557830159212, 0.06196272897896198
0.016, 0.004046974710668303, 0.0019668573789607645, 3.5048215625000005, 0.6892832758257242, 8.210188421534985, 0.05952615889344821
0.0161, 0.004068409901408343, 0.002056736685871789, 3.5048881250000004, 0.693591296299635, 8.203419336159952, 0.05967451936972839
0.0162, 0.004744489797929019, 0.0020820788198990664, 3.5047206250000005, 0.6978993167735458, 9.20937776728776, 0.05643748098258534
0.0163, 0.005093890340777318, 0.0021074938154291975, 3.5048171874999996, 0.7022073372474565, 9.744481394982898, 0.054978674267766627
0.0164, 0.005569193916702862, 0.0021111837200389187, 3.5048250000000003, 0.7065153577213672, 10.53412718639276, 0.052985832757175874
0.0165, 0.005997520747738135, 0.0020214193145779826, 3.5048490624999995, 0.710823378195278, 11.284013663055035, 0.05129880797219362
0.0166, 0.006597492268559198, 0.002093803089303799, 3.50474875, 0.7151313986691887, 12.44265889325019, 0.04895050675211894
0.0167, 0.006876709338065596, 0.0020803643781444857, 3.5047256250000003, 0.7194394191430995, 12.966088916715574, 0.04804838039154732
0.0168, 0.007432607595251837, 0.002134293477158121, 3.5047643750000015, 0.7237474396170103, 14.161495583608133, 0.04606732136247855
0.0169, 0.007793844482330453, 0.002180791038660661, 3.504660625000001, 0.728055460090921, 14.946370258068534, 0.04493024572052
