Number of particles: 32
Initial configuration: FCC
Dry microgel radius [nm]: 50.0
Box length [units of dry radius]: 20.70557108814463
Number of monomers: 2916666.666666667
Number of chains: 2916.666666666667
Flory interaction parameter (chi): 0.0
Young's calibration factor: 1.4
x-link fraction: 0.001
Reservoir swelling ratio: 3.505574917793274
Mean swelling ratio: 3.5048818749999993
Dry volume fraction: 0.01509999999999997
Reservoir volume fraction: 0.6505110915605273
Actual volume fraction: 0.6502035450218964
MC steps: 20000
Equilibration steps: 10000.0
Snapshot interval: 100
Displacement tolerance: 0.1
Particle radius change tolerance: 0.05
Particle radius bin width: 0.001
g(r) bin width: 0.005
Mean pair energy <E_pair>/N [kT]: 0.2513253863580464
The coupling constant increment - dlambda: 0.0
phi0,         Freference/V,           <F_FR>/V,     		<alpha>,      		zeta, 	 		SpringConstant, 		lindemannParameter
0.0101, -0.00804984776111485, 0.0012437500010139167, 3.5051312499999994, 0.43511006786498935, 0.4019905537995025, 0.23076873060069827
0.0102, -0.008701110368137465, 0.0012236441784038465, 3.5050671875, 0.4394180883389001, 0.3419582265561193, 0.25102942020994307
0.0103, -0.007667854167379511, 0.0012497040291100166, 3.5051184375, 0.4437261088128108, 0.4675586415658711, 0.21538004232230273
0.0104, -0.007485746259650913, 0.0012925026190928007, 3.5050162500000006, 0.4480341292867216, 0.5019130059798759, 0.20854893775443323
0.0105, -0.007160013964285626, 0.0013081593479947434, 3.505038437500001, 0.45234214976063236, 0.5597029259329902, 0.19812019109839846
0.0106, -0.007416595602085557, 0.0013406549563839967, 3.5051131250000003, 0.45665017023454313, 0.531642071895831, 0.2039247998131128
0.0107, -0.0075856861472706075, 0.001297006508446678, 3.505030625, 0.4609581907084539, 0.5175285167000903, 0.2073346448410364
0.0108, -0.007645090334667081, 0.001350209346221126, 3.5051124999999996, 0.46526621118236466, 0.5190142669273142, 0.207680648345124
0.0109, -0.006230158693642746, 0.0013312167076804254, 3.505073125000001, 0.46957423165627543, 0.7686577193528422, 0.1711801607848598
0.011, -0.006149686699333584, 0.0014168106383244587, 3.505078750000001, 0.47388225213018614, 0.7967300326323425, 0.1686500191332758
0.0111, -0.006149390458853162, 0.0014038853529251222, 3.505086875, 0.4781902726040969, 0.8082866370146145, 0.16794589275304647
0.0112, -0.006419520007317588, 0.0014017142701260971, 3.5051240625, 0.4824982930780077, 0.7646801721075186, 0.1731850981572615
0.0113, -0.006684938859097372, 0.0013749078739838793, 3.5050953125, 0.48680631355191845, 0.7250061691806375, 0.17838830978640127
0.0114, -0.006364419718142645, 0.0013982900754024507, 3.505129375000001, 0.4911143340258292, 0.79791029872657, 0.17054369792690788
0.0115, -0.006985450681782035, 0.001412704546161523, 3.5050309375, 0.49542235449974, 0.6923791765057566, 0.18361368287816063
0.0116, -0.0071041269814694176, 0.0013911444656959327, 3.5051028125000006, 0.49973037497365075, 0.6823557158553478, 0.18549192430553554
0.0117, -0.005609982701746403, 0.0014834037506916778, 3.5050150000000007, 0.5040383954475615, 1.0008227403138623, 0.15360114934883778
0.0118, -0.005381657272963919, 0.001445930789805248, 3.5051300000000003, 0.5083464159214722, 1.070504498409654, 0.1489398279930173
0.0119, -0.005711057063876475, 0.0015317090774485845, 3.5049925000000006, 0.512654436395383, 0.9992041028190879, 0.15459649496480357
0.012, -0.005545983577183963, 0.0015070863458988674, 3.505125000000001, 0.5169624568692938, 1.0514875443179976, 0.1511249289128693
0.0121, -0.005447986600537465, 0.0015258241348783913, 3.5050081250000007, 0.5212704773432045, 1.0880462828528576, 0.14897584786260082
0.0122, -0.005515766452932549, 0.0015090879517738022, 3.5049662500000016, 0.5255784978171153, 1.0820204817399073, 0.14980051158727478
0.0123, -0.004813563536569019, 0.001534695260835349, 3.50489375, 0.5298865182910261, 1.2889363338185529, 0.1376249152489623
0.0124, -0.004625844476602255, 0.0015148677811081107, 3.5049887499999994, 0.5341945387649368, 1.358497788593966, 0.13441740936848365
0.0125, -0.004694020704418453, 0.0015648941833459864, 3.5049734375000003, 0.5385025592388476, 1.3486278390941402, 0.13527006684388093
0.0126, -0.00482054343312918, 0.0015516009695211914, 3.5049356249999994, 0.5428105797127584, 1.3212281955481127, 0.13702895916398924
0.0127, -0.0048189943072631655, 0.0016050514561625844, 3.5049878125000005, 0.547118600186669, 1.3329934379828223, 0.13678285418788938
0.0128, -0.004335841743595124, 0.001610637355075991, 3.5049190625000004, 0.5514266206605798, 1.4987202082933317, 0.1293364100123156
0.0129, -0.0033905479846138547, 0.0016452727450297318, 3.5050753125000007, 0.5557346411344906, 1.8649738218232965, 0.11624420023256105
0.013, -0.003467142666408939, 0.0016364090190378751, 3.505129062500001, 0.5600426616084013, 1.843977557102887, 0.11720542906962715
0.0131, -0.003328302669705708, 0.0016386523857278238, 3.5049271875, 0.5643506820823121, 1.9120579418095536, 0.11539429406631672
0.0132, -0.0034449866217895054, 0.0016796878973364404, 3.5049784375, 0.5686587025562229, 1.8740156729760484, 0.11685549197933294
0.0133, -0.00257199806394955, 0.0016748627153705192, 3.5050415624999998, 0.5729667230301336, 2.2768367016657773, 0.1062826478926807
0.0134, -0.0022710987189223236, 0.0016731233642785133, 3.50493375, 0.5772747435040444, 2.4388229241358, 0.10294910111072567
0.0135, -0.00193429785614763, 0.0016729799761032466, 3.5049871875000003, 0.5815827639779552, 2.629754511956926, 0.09938741892465278
0.0136, -0.0017162491306048774, 0.0017464403787709453, 3.5050187499999996, 0.5858907844518659, 2.7620842902768477, 0.09721626523230484
0.0137, -0.0014449587188238786, 0.0017031211687640257, 3.5050462500000004, 0.5901988049257767, 2.931649761745969, 0.09459363336384932
0.0138, -6.733559929966218E-4, 0.001725049619673854, 3.5050299999999996, 0.5945068253996875, 3.451427900627169, 0.08739194125365454
0.0139, -0.001126173002081496, 0.001728125651999999, 3.504923125000001, 0.5988148458735982, 3.1447632351147043, 0.09177450493590925
0.014, -5.101662105132095E-4, 0.0017609768913257233, 3.5049009375000004, 0.603122866347509, 3.5754420064389576, 0.0862757817760054
0.0141, -5.35816328318448E-4, 0.0017705961293876592, 3.504954062500001, 0.6074308868214197, 3.558847706284253, 0.08668210106882343
0.0142, 5.985761522566069E-5, 0.0017868228091535037, 3.5049046875000003, 0.6117389072953304, 4.0187801743200176, 0.08176361470984253
0.0143, 3.55503126828803E-4, 0.0017827577882525269, 3.5049140624999997, 0.6160469277692412, 4.264560156489233, 0.07955838962448485
0.0144, 8.460976885121164E-4, 0.001817658144639307, 3.505035937500001, 0.620354948243152, 4.701583189449129, 0.07594686686840928
0.0145, 0.0012198833895353642, 0.0018402036712986095, 3.504874687500001, 0.6246629687170627, 5.057595625339688, 0.07339419472615957
0.0146, 0.0015625907576267881, 0.0018486513147786745, 3.5049365625000006, 0.6289709891909735, 5.401875006351085, 0.07117974814099605
0.0147, 0.0018415452503954062, 0.001908450194597665, 3.5049493750000007, 0.6332790096648843, 5.6928009037771625, 0.06949505042672406
0.0148, 0.0020185810087942524, 0.0019010729576955786, 3.5048259375, 0.637587030138795, 5.877303005976736, 0.06855028923448536
0.0149, 0.0025654274439701878, 0.0018721789148366847, 3.504971562500001, 0.6418950506127058, 6.515014320145549, 0.06525525572911016
