Number of particles: 32
Initial configuration: FCC
Dry microgel radius [nm]: 50.0
Box length [units of dry radius]: 19.864645802094532
Number of monomers: 2916666.666666667
Number of chains: 2916.666666666667
Flory interaction parameter (chi): 0.0
Young's calibration factor: 0.2
x-link fraction: 0.001
Reservoir swelling ratio: 3.505574917793274
Mean swelling ratio: 3.504753125000001
Dry volume fraction: 0.01709999999999996
Reservoir volume fraction: 0.7366715010387426
Actual volume fraction: 0.7331929524593584
MC steps: 20000
Equilibration steps: 10000.0
Snapshot interval: 100
Displacement tolerance: 0.1
Particle radius change tolerance: 0.05
Particle radius bin width: 0.001
g(r) bin width: 0.005
Mean pair energy <E_pair>/N [kT]: 0.7492330136769825
The coupling constant increment - dlambda: 0.0
phi0,         Freference/V,           <F_FR>/V,     		<alpha>,      		zeta, 	 		SpringConstant, 		lindemannParameter
0.0101, -0.007555977831081548, 0.0012286429147228457, 3.5051328125000003, 0.43511006786498935, 0.4628404566954075, 0.21506474742167694
0.0102, -0.008875936192413733, 0.0012037887199197234, 3.505097500000001, 0.4394180883389001, 0.32547358081497985, 0.2573079946333415
0.0103, -0.008043587510908034, 0.0012408917429527766, 3.5050740625, 0.4437261088128108, 0.42088944930786754, 0.22700712186499272
0.0104, -0.008939141540557886, 0.0012540918925050765, 3.5051459375, 0.4480341292867216, 0.3354871337121635, 0.2550846189196586
0.0105, -0.008332112331908819, 0.0013070629768445424, 3.5050565625000005, 0.45234214976063236, 0.4057045371835571, 0.23270332807154384
0.0106, -0.008377280529293554, 0.0013124774111478, 3.505107812500001, 0.45665017023454313, 0.4094102831427893, 0.232380853387259
0.0107, -0.008785048837115438, 0.0013213277472835057, 3.5049996875, 0.4609581907084539, 0.37463534746320976, 0.24368828078337598
0.0108, -0.00879535667015301, 0.0013125976295899641, 3.50499, 0.46526621118236466, 0.38180724279331524, 0.24213836059316868
0.0109, -0.008135048984463548, 0.001335940068828923, 3.50513625, 0.46957423165627543, 0.46446187603316624, 0.2202139821880323
0.011, -0.0070214681938679255, 0.001326974389655983, 3.5050718750000005, 0.47388225213018614, 0.6340075924576616, 0.18905786949795492
0.0111, -0.007831354318173434, 0.0013582848028579906, 3.505052812500001, 0.4781902726040969, 0.5222362530046408, 0.20893855093116573
0.0112, -0.007826565488813901, 0.0013425065830579722, 3.505081250000001, 0.4824982930780077, 0.5323591180733741, 0.20756211445556916
0.0113, -0.007650738207868523, 0.0013868565386651933, 3.5051087500000007, 0.48680631355191845, 0.5666867056879099, 0.20177424432116078
0.0114, -0.008180790860166163, 0.0014074711515163132, 3.5051684374999996, 0.4911143340258292, 0.504066341495122, 0.2145699309806192
0.0115, -0.008586400780194268, 0.0014394613581718654, 3.5050496874999992, 0.49542235449974, 0.4635142122405721, 0.22441170899873367
0.0116, -0.008310570740772568, 0.001382105295104282, 3.5051268750000006, 0.49973037497365075, 0.505601576346895, 0.21548954983917953
0.0117, -0.008202640930852503, 0.0014526318351697663, 3.5050406250000004, 0.5040383954475615, 0.5283753375805804, 0.21139844021401372
0.0118, -0.007367558601235138, 0.0014572562851837602, 3.5050646875, 0.5083464159214722, 0.6590186128444402, 0.1898262445554082
0.0119, -0.007046669918711161, 0.001461911807971171, 3.5051034375, 0.512654436395383, 0.7230118117563027, 0.18174147625445158
0.012, -0.005995232284894111, 0.0014598985009696551, 3.5050775000000005, 0.5169624568692938, 0.9439222600894205, 0.15950344291911978
0.0121, -0.007213088403931472, 0.001487459760504954, 3.5050453125000005, 0.5212704773432045, 0.7145372073743557, 0.18383454580832134
0.0122, -0.00676923436092414, 0.001484234777553111, 3.5049906249999996, 0.5255784978171153, 0.8046575484347728, 0.17371026887787258
0.0123, -0.006491822241739975, 0.0015024026872197374, 3.5050425, 0.5298865182910261, 0.8697958994833261, 0.167534448233744
0.0124, -0.00644987988688416, 0.001497048241647564, 3.5051178125, 0.5341945387649368, 0.8890061782588311, 0.1661623398917113
0.0125, -0.006180589481419547, 0.0015260018264685018, 3.5051421874999993, 0.5385025592388476, 0.9572143024561784, 0.16056215012793562
0.0126, -0.0065631627827974805, 0.0015536351890847776, 3.505030312500001, 0.5428105797127584, 0.8868211277031187, 0.16725659835353257
0.0127, -0.005781581509824537, 0.001560234121514462, 3.5051409375000007, 0.547118600186669, 1.0713739944371965, 0.15257209765552138
0.0128, -0.007450071179184962, 0.001538375443098288, 3.5049703125, 0.5514266206605798, 0.7432486199068482, 0.1836597665576897
0.0129, -0.006219351426490452, 0.001611023200918282, 3.5050950000000007, 0.5557346411344906, 0.9911674701631754, 0.15945353208594712
0.013, -0.0060201003631090875, 0.0016487669088319891, 3.5050899999999996, 0.5600426616084013, 1.0469010399878185, 0.15555097189839945
0.0131, -0.005105522210071536, 0.0015878029597492693, 3.5050012500000007, 0.5643506820823121, 1.2931864545270826, 0.140315059758167
0.0132, -0.00479676288734246, 0.0016142005848161572, 3.5050368750000005, 0.5686587025562229, 1.394984680508417, 0.1354412703164577
0.0133, -0.0055451719274510715, 0.001630094450960841, 3.5050356250000005, 0.5729667230301336, 1.1952900738201806, 0.14668700823837139
0.0134, -0.004665026166761313, 0.0016675837373334947, 3.5050303124999997, 0.5772747435040444, 1.4572247727907957, 0.13318319232028059
0.0135, -0.005026522392042273, 0.001684605377168519, 3.505000625, 0.5815827639779552, 1.358822463531936, 0.1382635354387608
0.0136, -0.004131810046166822, 0.0016551545387790858, 3.505075625, 0.5858907844518659, 1.6553157077736338, 0.12557898788362953
0.0137, -0.003431184254116199, 0.0016911000161561078, 3.5050959375000006, 0.5901988049257767, 1.9302410041773246, 0.1165768137139514
0.0138, -0.0039358061579024585, 0.0016767410469493247, 3.504972499999999, 0.5945068253996875, 1.7459734218929437, 0.12287173057646596
0.0139, -0.004105004600557202, 0.001711670114333657, 3.504969999999999, 0.5988148458735982, 1.6955087927235386, 0.12498733385190715
0.014, -0.0033511542600604687, 0.0017384629756873732, 3.505000000000001, 0.603122866347509, 1.9919771343051988, 0.1155876935687012
0.0141, -0.0036705945609226327, 0.0017555065111861654, 3.5049890625000004, 0.6074308868214197, 1.8749121288394421, 0.1194245661115934
0.0142, -0.002828768116873783, 0.001761438279099407, 3.505004375000001, 0.6117389072953304, 2.235770033391155, 0.1096209706263292
0.0143, -0.003287168019323981, 0.0017642669250545345, 3.5049800000000007, 0.6160469277692412, 2.046325511492851, 0.11485125548213505
0.0144, -0.0026124974336303747, 0.0018662427687903087, 3.5049428124999995, 0.620354948243152, 2.3526769587252834, 0.1073620449283406
0.0145, -0.002505175066276159, 0.0017949659720050502, 3.5050203125000015, 0.6246629687170627, 2.4117374970867256, 0.10628420866377346
0.0146, -0.0016910666595748008, 0.0018263671770235408, 3.5048968750000005, 0.6289709891909735, 2.841543788984626, 0.09814123886319645
0.0147, -0.0015529056337221497, 0.001760037188812467, 3.504932500000001, 0.6332790096648843, 2.925790800631728, 0.09693826379034953
0.0148, -0.0018174626150575033, 0.0018687186884197141, 3.505056875, 0.637587030138795, 2.7841665820603114, 0.09959802442887142
0.0149, -0.0010653220807181276, 0.0018221470982291298, 3.5050284375000005, 0.6418950506127058, 3.2274468342572975, 0.09271364058716787
0.015, -5.76114588905406E-4, 0.00181541872216885, 3.5049968750000007, 0.6462030710866166, 3.549953250265347, 0.08859928081080516
0.0151, -7.41852826348293E-4, 0.0019236756514411089, 3.5049493750000007, 0.6505110915605273, 3.4414232353521204, 0.09018501176782096
0.0152, -3.191396188559284E-4, 0.0019341800707409213, 3.5049753125000005, 0.6548191120344381, 3.7316125061458867, 0.08679819351189133
0.0153, 3.0622830383250784E-4, 0.0018930542219547425, 3.5048459375, 0.6591271325083489, 4.199300365377843, 0.08200111686233387
0.0154, 2.0265028585196037E-4, 0.0019292881828506625, 3.5049425000000007, 0.6634351529822596, 4.116549075768271, 0.08300126004541174
0.0155, -3.0043506583596466E-5, 0.001950639991352237, 3.504883125, 0.6677431734561703, 3.940691140014403, 0.08501628585258576
0.0156, 4.7092953516913316E-4, 0.0019493740126214098, 3.5048821875000002, 0.6720511939300811, 4.322460217495557, 0.0813492944921108
0.0157, 0.001016166035899871, 0.001937473264685996, 3.504802187500001, 0.6763592144039919, 4.774272200731174, 0.07756945196885619
0.0158, 0.0013038729777813355, 0.0019325328558851432, 3.50488625, 0.6806672348779027, 5.02494462583573, 0.07577009225061415
0.0159, 0.00193611513988651, 0.0020085937721645943, 3.5050090625, 0.6849752553518135, 5.626039231071861, 0.0717588423458083
0.016, 0.002272121736106918, 0.001992939298110042, 3.5049278125, 0.6892832758257242, 5.963234303601752, 0.06984631279179335
0.0161, 0.0025649037090728355, 0.002010971878094361, 3.504889375000002, 0.693591296299635, 6.2673731091293705, 0.06827215490268004
0.0162, 0.002682994706990978, 0.0020360234890697323, 3.504846875, 0.6978993167735458, 6.381494746348693, 0.0677987297716306
0.0163, 0.00304783433411276, 0.0020396612607065804, 3.5049015625000006, 0.7022073372474565, 6.786002057777056, 0.06588197882399266
0.0164, 0.003482947542992102, 0.0021006638261249965, 3.5048440625000006, 0.7065153577213672, 7.30035643857441, 0.06364832963627202
0.0165, 0.004003907388200755, 0.0020461710656524018, 3.5048478124999995, 0.710823378195278, 7.965308737606532, 0.06105732428608855
0.0166, 0.0038863826333489695, 0.0021149209298604124, 3.5049250000000014, 0.7151313986691887, 7.770570793247763, 0.06194230026727858
0.0167, 0.004874378433807697, 0.0020846739817066283, 3.5047837499999996, 0.7194394191430995, 9.177111572486508, 0.05711237821528673
0.0168, 0.0051056826948864455, 0.002101001481658568, 3.5048103125, 0.7237474396170103, 9.499736114219305, 0.05624601395772272
0.0169, 0.005312095575703829, 0.0020991624522906293, 3.5047562500000002, 0.728055460090921, 9.788029823478608, 0.05552122249169187
