Number of particles: 32
Initial configuration: FCC
Dry microgel radius [nm]: 50.0
Box length [units of drsoftnessy radius]: 19.864645802094532
Number of monomers: 2916666.666666667
Number of chains: 2916.666666666667
Flory interaction parameter (chi): 0.0
Young's calibration factor: 0.1
x-link fraction: 0.001
Reservoir swelling ratio: 3.505574917793274
Mean swelling ratio: 3.5048056874999998
Dry volume fraction: 0.01709999999999996
Reservoir volume fraction: 0.7366715010387426
Actual volume fraction: 0.7279696378417484
MC steps: 60000
Equilibration steps: 10000.0
Snapshot interval: 100
Displacement tolerance: 0.1
Particle radius change tolerance: 0.05
Particle radius bin width: 0.001
g(r) bin width: 0.005
Mean pair energy <E_pair>/N [kT]: 1.2449606887240685
The coupling constant increment - dlambda: 0.0
phi0,         Freference/V,           <F_FR>/V,     		<alpha>,      		zeta, 	 		SpringConstant, 		lindemannParameter
0.0101, -0.014142403756260273, 0.0012057585517412216, 3.5050488750000004, 0.43511006786498935, 0.07063825839517127, 0.5505095959174713
0.0102, -0.013939936587814136, 0.0012022898849713714, 3.5050061250000004, 0.4394180883389001, 0.07780073954720149, 0.526282935507682
0.0103, -0.013508490317418236, 0.0012180047481263356, 3.5050106249999993, 0.4437261088128108, 0.09118914030099784, 0.48769908565947395
0.0104, -0.013942457419407337, 0.0012080268923661073, 3.5050373125, 0.4480341292867216, 0.08383035302609021, 0.5102952894719378
0.0105, -0.01390173558978077, 0.0012453648200665415, 3.5050597500000005, 0.45234214976063236, 0.08793285446711004, 0.49984107412876894
0.0106, -0.012861056335597794, 0.001246599737599731, 3.505028937499999, 0.45665017023454313, 0.12095046159411633, 0.4275392100783114
0.0107, -0.013156322511890686, 0.0012600935558080351, 3.5049711249999995, 0.4609581907084539, 0.11539031804010992, 0.43909079680206325
0.0108, -0.012770739913366231, 0.0012829987615893227, 3.5050387499999998, 0.46526621118236466, 0.13213889264590503, 0.41159524366792805
0.0109, -0.013825551470039558, 0.001270867307891792, 3.5050043749999995, 0.46957423165627543, 0.10312812644803793, 0.46733828718228154
0.011, -0.01175630026361956, 0.0013164810311547604, 3.5050029374999996, 0.47388225213018614, 0.1833273010730285, 0.35158344433281985
0.0111, -0.014688762095548716, 0.0013163674357328482, 3.5050215000000007, 0.4781902726040969, 0.08799582647750714, 0.5090038290929529
0.0112, -0.013541597872440317, 0.0013344375027181565, 3.50499775, 0.4824982930780077, 0.12229150671722282, 0.433064203265288
0.0113, -0.014132636750123826, 0.0013368610740501009, 3.5050258125, 0.48680631355191845, 0.10844972762019553, 0.46123580004133474
0.0114, -0.013842823947816885, 0.0013567194904541239, 3.5049853750000004, 0.4911143340258292, 0.12042221919948017, 0.4389948220477231
0.0115, -0.013039467293747997, 0.001348840798375535, 3.5049711875, 0.49542235449974, 0.15180917490997844, 0.3921281592314264
0.0116, -0.012571115291983147, 0.0013668593614751376, 3.5049939375000005, 0.49973037497365075, 0.17538798663947452, 0.36587311861956684
0.0117, -0.014738499830330116, 0.0013898964895439757, 3.504970749999999, 0.5040383954475615, 0.10558570944409047, 0.47290126588435455
0.0118, -0.013969207666997689, 0.0013816134632557888, 3.504986437500001, 0.5083464159214722, 0.1313732600907997, 0.4251592258674966
0.0119, -0.012681664406052904, 0.001405786110278009, 3.504960375, 0.512654436395383, 0.18464352525921343, 0.3596331409115344
0.012, -0.012494595892867092, 0.0014112659267158914, 3.5049845625, 0.5169624568692938, 0.19810235614988633, 0.34817160971217487
0.0121, -0.014342601408619475, 0.001428713303620477, 3.505038375, 0.5212704773432045, 0.13073289507780864, 0.429780900225905
0.0122, -0.013260149659819432, 0.0014531658726486378, 3.5050002499999993, 0.5255784978171153, 0.17359888931275655, 0.3739879129089573
0.0123, -0.014302611075915095, 0.0014518909424594809, 3.5049982499999994, 0.5298865182910261, 0.13945397470319795, 0.418405465675197
0.0124, -0.014489726545468878, 0.001472908924569379, 3.5049598125, 0.5341945387649368, 0.13715254821984038, 0.4230415730687449
0.0125, -0.012820592519572637, 0.0014922155228688301, 3.5049898124999994, 0.5385025592388476, 0.2070137179626226, 0.34526153906099005
0.0126, -0.013126456754573735, 0.0014814876612340908, 3.5049798125000007, 0.5428105797127584, 0.19757201724452175, 0.3543549945962294
0.0127, -0.012489327040528953, 0.00149268108470626, 3.5049616875000007, 0.547118600186669, 0.23373617807840402, 0.32665002687406275
0.0128, -0.012275274027023837, 0.0015211273342646782, 3.5049590625, 0.5514266206605798, 0.2507300121035293, 0.3162116911623718
0.0129, -0.009312669743739453, 0.001542568122250119, 3.504998874999999, 0.5557346411344906, 0.4965363828793169, 0.2252849219120366
0.013, -0.010878262281388138, 0.0015461023722167214, 3.5049578749999997, 0.5600426616084013, 0.3565039188859496, 0.26655902455679326
0.0131, -0.01255539066868329, 0.001538067485575117, 3.504979937500001, 0.5643506820823121, 0.2510237528810555, 0.31847654267202874
0.0132, -0.008143210414977136, 0.0015596335300903368, 3.505025625, 0.5686587025562229, 0.6717212515330969, 0.19518264244073003
0.0133, -0.013060658778146628, 0.0015717416280838447, 3.504969687500001, 0.5729667230301336, 0.23445333967565485, 0.3312074490450108
0.0134, -0.01000158063182904, 0.0015715084100242818, 3.5049833125, 0.5772747435040444, 0.4623348185561604, 0.23644731816526657
0.0135, -0.0085802155476179, 0.0016095539036205333, 3.504998875, 0.5815827639779552, 0.6362337060982715, 0.2020601541767344
0.0136, -0.011251393545769615, 0.0016001970408211074, 3.5049420000000002, 0.5858907844518659, 0.36602625841411485, 0.26705534547853066
0.0137, -0.00833684785212319, 0.001621532306364629, 3.5049575625, 0.5901988049257767, 0.6875967725500642, 0.19532194251332455
0.0138, -0.008021508132269836, 0.0016267696228833464, 3.504952312499999, 0.5945068253996875, 0.7436920551265818, 0.18826700696035878
0.0139, -0.0068379010688522516, 0.0016491348840561035, 3.5049764375, 0.5988148458735982, 0.9619715769590549, 0.1659338183951275
0.014, -0.007176082650446716, 0.0016345504099810578, 3.5049879375, 0.603122866347509, 0.9062615333614334, 0.17136692312394383
0.0141, -0.0068915170510108256, 0.0016759871035141364, 3.5049404374999997, 0.6074308868214197, 0.9705187220712806, 0.1659900946305413
0.0142, -0.0064329288041675954, 0.001683281883112084, 3.5049570625, 0.6117389072953304, 1.0756648905393313, 0.15804061528798902
0.0143, -0.006661538524622169, 0.0016609780271120284, 3.504951062499999, 0.6160469277692412, 1.0364866443878102, 0.16137685636340487
0.0144, -0.006685544712380128, 0.0016917375018176738, 3.5049466249999996, 0.620354948243152, 1.041025820436376, 0.1613991242132762
0.0145, -0.0060273376335004646, 0.001703696093119186, 3.5049664999999997, 0.6246629687170627, 1.1973843904722117, 0.15084015330090916
0.0146, -0.006078991175200826, 0.0016935130580631426, 3.504976625, 0.6289709891909735, 1.1948257877083646, 0.1513479067551489
0.0147, -0.005538731016420962, 0.0017203520141828162, 3.5049333125000004, 0.6332790096648843, 1.3390510238096915, 0.14329080057823687
0.0148, -0.0059835057155566964, 0.001740097171877852, 3.5049138750000006, 0.637587030138795, 1.2367969039052913, 0.14943390225350844
0.0149, -0.0051397335388819335, 0.0017410117997440466, 3.5049308124999987, 0.6418950506127058, 1.4673247991022365, 0.13750232907600501
0.015, -0.005462124802368489, 0.0017652812690788305, 3.5049442500000003, 0.6462030710866166, 1.3881485171956596, 0.14168489306898677
0.0151, -0.004933413955128076, 0.001783335983983522, 3.504919625, 0.6505110915605273, 1.5460619400923685, 0.1345519403456063
0.0152, -0.004817794566920095, 0.0017718994573917505, 3.5049025625000003, 0.6548191120344381, 1.5899328035249742, 0.1329748691262822
0.0153, -0.004522537064439665, 0.0018144921070756006, 3.5049061874999996, 0.6591271325083489, 1.6907135593528877, 0.1292329385467251
0.0154, -0.004205678288987982, 0.0018205301012836248, 3.50487925, 0.6634351529822596, 1.8037248214299992, 0.12539095014066504
0.0155, -0.003512707708191753, 0.0018219350871525148, 3.504886999999999, 0.6677431734561703, 2.061983925658842, 0.11752917533227217
0.0156, -0.0037965751511507438, 0.0018500929637721626, 3.5049452499999996, 0.6720511939300811, 1.9645519244956595, 0.12066672819539406
0.0157, -0.0035669537316195847, 0.0018818847342372497, 3.504885875, 0.6763592144039919, 2.058041853366614, 0.1181455069127715
0.0158, -0.0032996979504531492, 0.0018696400109847705, 3.504899187500001, 0.6806672348779027, 2.169556017438795, 0.11531293393456742
0.0159, -0.002999884101028771, 0.0018596796908602034, 3.504868437500001, 0.6849752553518135, 2.2991239773573717, 0.11225239261352164
0.016, -0.002337064557500334, 0.001901733055466322, 3.504903437500001, 0.6892832758257242, 2.5992113754983412, 0.10579462946946644
0.0161, -0.0022886227422049855, 0.0018981381441409743, 3.5048795000000004, 0.693591296299635, 2.6283664756185616, 0.10542495546520181
0.0162, -0.002530724404802962, 0.001918582791699616, 3.5048771874999987, 0.6978993167735458, 2.523582485963035, 0.10781371548574482
0.0163, -0.0019911213783433868, 0.0019132477563051369, 3.5048724374999995, 0.7022073372474565, 2.783577816513641, 0.10286602199186926
0.0164, -0.0019290948532247115, 0.0019418636514855641, 3.5048474375000005, 0.7065153577213672, 2.8197690345434494, 0.10241233653422206
0.0165, -0.0015544387211718956, 0.0019498345379851145, 3.504830875, 0.710823378195278, 3.016306275517691, 0.09922048746877635
0.0166, -0.0013680178005769062, 0.0019700850778874295, 3.5048518124999997, 0.7151313986691887, 3.1202439594225253, 0.09775061856332867
0.0167, -9.189180118316855E-4, 0.001990157804308949, 3.5048546249999997, 0.7194394191430995, 3.3761102006223496, 0.09416184160757236
0.0168, -7.618393996249348E-4, 0.002007695487932997, 3.5048580625000003, 0.7237474396170103, 3.4711714061744536, 0.09304852460028872
0.0169, -3.416566289076456E-4, 0.0019926205093251602, 3.504883687499999, 0.728055460090921, 3.731491194513026, 0.08992189518335007
