Number of particles: 32
Initial configuration: FCC
Dry microgel radius [nm]: 50.0
Box length [units of drsoftnessy radius]: 19.864645802094532
Number of monomers: 2916666.666666667
Number of chains: 2916.666666666667
Flory interaction parameter (chi): 0.0
Young's calibration factor: 0.1
x-link fraction: 0.001
Reservoir swelling ratio: 3.505574023723603
Mean swelling ratio: 3.504464843749999
Dry volume fraction: 0.01709999999999996
Reservoir volume fraction: 0.7366709373918424
Actual volume fraction: 0.7357312002215803
MC steps: 5000
Equilibration steps: 1000.0
Snapshot interval: 100
Displacement tolerance: 0.1
Particle radius change tolerance: 0.05
Particle radius bin width: 0.001
g(r) bin width: 0.005
Mean pair energy <E_pair>/N [kT]: 0.0406463811292764
The coupling constant increment - dlambda: 0.0
phi0,         Freference/V,           <F_FR>/V,     		<alpha>,      		zeta, 	 		SpringConstant, 		lindemannParameter
0.0101, -0.005414357417262651, 0.0010477727979620456, 3.505340625000001, 0.43510973495073835, 0.852877016960994, 0.15843155302619905
0.0102, -0.0055806886288105135, 0.0011311269387565468, 3.50533984375, 0.4394177521284684, 0.8259603629236397, 0.1615219495529737
0.0103, -0.005737855772592488, 0.0011366695737509583, 3.5053765625000004, 0.44372576930619845, 0.8024451916802741, 0.16440529945571386
0.0104, -0.005861516658583067, 0.0011347830637056567, 3.5053234375000004, 0.4480337864839285, 0.7873090178383534, 0.16651355540105814
0.0105, -0.005524649503073517, 0.0011562353790091561, 3.5054656250000007, 0.45234180366165855, 0.8768794319094675, 0.1582842071410053
0.0106, -0.0050632244110823, 0.0010571600129398273, 3.5053460937500005, 0.4566498208393886, 1.0082345051787946, 0.14808086320724234
0.0107, -0.005320711653499407, 0.0011772275170595617, 3.5053585937500005, 0.46095783801711865, 0.952656835618301, 0.1528166854431369
0.0108, -0.005561432349955016, 0.0011828183778531678, 3.5054570312500006, 0.4652658551948487, 0.9051283225364884, 0.1572644649211167
0.0109, -0.0054150089759671125, 0.0011916921939523935, 3.505424218750001, 0.4695738723725788, 0.9535766797813076, 0.15368876319847735
0.011, -0.0054193140742570325, 0.0011490333491358294, 3.5054554687499992, 0.47388188955030885, 0.9647933276862567, 0.1532585961902336
0.0111, -0.005058876730511693, 0.0011321427508272953, 3.5053000000000005, 0.4781899067280389, 1.0728963066453174, 0.1457716976584393
0.0112, -0.004898866923195539, 0.001176128208468275, 3.505158593750001, 0.48249792390576896, 1.1309767138721403, 0.14240446388221595
0.0113, -0.005165878730697789, 0.0012181679585503914, 3.505034375, 0.486805941083499, 1.068156439150401, 0.1469669935969208
0.0114, -0.005387591195944189, 0.001140187412531144, 3.5053562500000006, 0.49111395826122906, 1.0214693543876794, 0.15073011833009953
0.0115, -0.00523704439772083, 0.0011638554255561746, 3.5054304687499993, 0.4954219754389591, 1.0731913428622226, 0.14748181045096917
0.0116, -0.0053405272729569585, 0.0012349159346712716, 3.50531796875, 0.49972999261668916, 1.0576522696770008, 0.14899063485486674
0.0117, -0.004782689445130471, 0.001162496527665517, 3.5053835937499995, 0.5040380097944193, 1.2270933587168134, 0.1387184555713395
0.0118, -0.004919187884591651, 0.0012233186304617704, 3.5053156249999993, 0.5083460269721493, 1.1985423878150754, 0.1407597209751912
0.0119, -0.004682906688636663, 0.0011915443254141838, 3.505228125, 0.5126540441498794, 1.2817916332241404, 0.1364954049747667
0.012, -0.004094663448401303, 0.0011825069124845895, 3.5053156250000006, 0.5169620613276094, 1.4900924417255992, 0.12694966814010542
0.0121, -0.004248539754423225, 0.001310478516804786, 3.505375, 0.5212700785053395, 1.4479234380426895, 0.12914177504685917
0.0122, -0.004126067055703541, 0.0012311515820557764, 3.5052578124999996, 0.5255780956830696, 1.502585675423354, 0.12711927732605402
0.0123, -0.0038825324712198515, 0.0012594087229258085, 3.5053531250000005, 0.5298861128607996, 1.6032170728963329, 0.12340041864918688
0.0124, -0.0038799396664588614, 0.001206721412338711, 3.5052539062499997, 0.5341941300385297, 1.615717012960046, 0.12325437388549473
0.0125, -0.0038953281473231294, 0.0012074976068634977, 3.5052140625, 0.5385021472162597, 1.6213726161793915, 0.1233690862000069
0.0126, -0.003597349748240939, 0.0011948531062346364, 3.50526328125, 0.5428101643939898, 1.7478773261176355, 0.11913676444359116
0.0127, -0.0034428481855030644, 0.0012584666017719025, 3.5051890625, 0.5471181815717198, 1.821719219790042, 0.11700514181113085
0.0128, -0.003177165981697048, 0.0012430978026533388, 3.5053124999999996, 0.5514261987494499, 1.9455597101813273, 0.11351645018331524
0.0129, -0.0030986710164338026, 0.0012113271482833011, 3.5053507812500007, 0.5557342159271799, 1.9906660128208373, 0.11251449183893622
0.013, -0.0029147836907339308, 0.0012571452203363335, 3.5051765624999986, 0.56004223310491, 2.08424053477005, 0.11024315297272404
0.0131, -0.002620392912950966, 0.0013162444386824981, 3.5051679687500004, 0.5643502502826401, 2.234356210373066, 0.10674773120032603
0.0132, -0.002218542551735734, 0.0012235450892847583, 3.505163281250001, 0.5686582674603701, 2.449572915017664, 0.10220933245758229
0.0133, -0.002390674384141563, 0.0012863545506113104, 3.5051765624999995, 0.5729662846381002, 2.368097057173621, 0.10421459819450256
0.0134, -0.002475203529387916, 0.0012470636568171058, 3.505266406249999, 0.5772743018158302, 2.334058232413619, 0.1052341868862798
0.0135, -0.0017909808584317735, 0.0011728380194509947, 3.5052484374999997, 0.5815823189935603, 2.711474229923923, 0.09787826807357128
0.0136, -0.0013633070359899701, 0.0012866342979655423, 3.5050390625, 0.5858903361712903, 2.9766364088872574, 0.09364713640925419
0.0137, -0.0011168529200580677, 0.00130260604290591, 3.5051921874999996, 0.5901983533490204, 3.141190462510017, 0.09138413691462116
0.0138, -9.009745438560041E-4, 0.001273332157246159, 3.505484375000001, 0.5945063705267504, 3.2911663182029014, 0.08949440281260303
0.0139, -4.083403749086372E-4, 0.0013596069127835167, 3.5052398437499996, 0.5988143877044805, 3.649550807053415, 0.0851915108105445
0.014, -0.0015162537247791754, 0.001238717787927795, 3.5052601562500003, 0.6031224048822106, 2.9064569315788367, 0.09569116157722461
0.0141, 3.180703133836271E-4, 0.0013340457840099094, 3.5050726562500003, 0.6074304220599406, 4.237636398728853, 0.07943689974767504
0.0142, -4.1328403692625034E-4, 0.0012530531028151304, 3.505062500000001, 0.6117384392376707, 3.6507418188534575, 0.08578604545577884
0.0143, 8.565150548652942E-4, 0.0013232248771419101, 3.505354687499999, 0.6160464564154007, 4.717757274356176, 0.07564066003836117
0.0144, 6.269520817717432E-5, 0.00125249790187437, 3.5050992187500016, 0.6203544735931308, 4.01917599329063, 0.08214164816389506
0.0145, 4.7580893188120955E-4, 0.001256175350406795, 3.50519765625, 0.6246624907708608, 4.362166199579912, 0.07902830314409301
0.0146, 9.400850382466677E-4, 0.0013211119987238005, 3.5050789062499996, 0.6289705079485909, 4.777126696853843, 0.07569118990198724
0.0147, 0.0020239800342237053, 0.0013033960787824372, 3.5050828125000004, 0.6332785251263209, 5.900145860869393, 0.06826302001920331
0.0148, 0.0018333465394397516, 0.0012718324802029751, 3.5051218750000004, 0.637586542304051, 5.669039553826177, 0.06979809807392831
0.0149, 0.00244989408274485, 0.0012816170540163427, 3.5050671875, 0.6418945594817811, 6.37100930336192, 0.06598862265372034
0.015, 0.002477218025394744, 0.0012351977082425143, 3.505056249999999, 0.6462025766595111, 6.3834278451509405, 0.06607155630170479
0.0151, 0.0034515804750549347, 0.0011118654498337873, 3.505032812499999, 0.6505105938372412, 7.663100140653607, 0.060436757948093195
0.0152, 0.003537850489244573, 0.00132484551843744, 3.5050570312499993, 0.6548186110149712, 7.754710234809141, 0.06021104562594618
0.0153, 0.00355412532554744, 0.0012866929118450791, 3.5049406249999997, 0.6591266281927013, 7.743396981247652, 0.06038686379334741
0.0154, 0.004868497565337963, 0.0012157023624266893, 3.5050390625, 0.6634346453704313, 9.858948354622221, 0.05363348756879643
0.0155, 0.005273786039016617, 0.0013050106148640487, 3.50519765625, 0.6677426625481614, 10.566983660571836, 0.05191738488143088
0.0156, 0.004990343447343557, 0.001275335548693688, 3.5049218749999995, 0.6720506797258914, 9.96355281722733, 0.053581168389458776
0.0157, 0.006232335252661292, 0.0012283146069347142, 3.50491796875, 0.6763586969036216, 12.440528283474048, 0.04805348612610177
0.0158, 0.007035091501510053, 0.0013081544551002565, 3.50507890625, 0.6806667140813516, 14.296837633861898, 0.04492038435933406
0.0159, 0.0069294691402627786, 0.0011377846843361095, 3.5048710937500003, 0.6849747312590817, 13.911020821373484, 0.04563492084793294
0.016, 0.008635696188801641, 0.0013283836708508927, 3.5049593750000008, 0.6892827484368117, 18.766883317727824, 0.03937207869388758
0.0161, 0.008913768958406, 0.0012209697922607732, 3.5048789062500005, 0.6935907656145418, 19.532573354215547, 0.03867289231624826
0.0162, 0.008705281133404076, 0.001172204079922937, 3.5047937499999997, 0.6978987827922719, 18.63423880163574, 0.03967591370024141
0.0163, 0.009307617139084552, 0.0011557217137684534, 3.5047953124999984, 0.7022067999700019, 20.529987643831934, 0.03787732362819075
0.0164, 0.009520056242089134, 0.001251292690135764, 3.5047234374999996, 0.706514817147732, 21.095474168412412, 0.03744246197206987
0.0165, 0.011406014571936816, 0.0011916049749388746, 3.5046859375000006, 0.710822834325462, 29.028264385567407, 0.03198368799964252
0.0166, 0.012359674630667571, 0.0012111753494020098, 3.5048164062500007, 0.7151308515031921, 33.84326880075903, 0.02968093912221296
0.0167, 0.012861989659394698, 0.001220904248269866, 3.5047992187499992, 0.7194388686809221, 36.43261096701856, 0.028664086298749034
0.0168, 0.013421945690828356, 0.0011371394931840003, 3.5045406249999997, 0.7237468858586522, 39.575105102407825, 0.02755728847933035
0.0169, 0.013394800463217612, 0.0011564894810744766, 3.5045828124999994, 0.7280549030363822, 38.854168105502715, 0.02786684837561329
