#Number of particles: 108
#Initial configuration: FCC
#Dry microgel radius [nm]: 50.0
#Box length [units of dry radius]: 47.92441801997441
#Number of monomers: 2916666.666666667
#Number of chains: 291.6666666666669
#Flory interaction parameter (chi): 0.2
#Young's calibration factor: 1.0
#Minimum x-link fraction: 2.0E-5
#Maximum x-link fraction: 0.001
#x-link fraction increment: 1.75E-6
#Reservoir swelling ratio: 4.988451838493347
#Mean swelling ratio: 4.986918685185189
#Max Dry volume fraction: 10.0
#Minimum Dry volume fraction: 0.0019
#Reservoir volume fraction: 0.5101984945320215
#Actual volume fraction: 0.0
#MC steps: 150000
#Equilibration steps: 50000.0
#Snapshot interval: 100
#Displacement tolerance: 0.1
#Particle radius change tolerance: 0.05
#Particle radius bin width: 0.001
#g(r) bin width: 0.005
#phi0,		   phi,       	   <alpha>,      		zeta, 	 	 	  lindemannParameter, 			x-link, 		kT/E
0.00211, 0.517007735451059, 6.256956851851849, 0.5176501711201321, 0.1466835055119026, 3.175E-5, 0.0053993774072829065
0.00219, 0.5197487679561146, 6.190722379629632, 0.5203881552140417, 0.14606520601138984, 3.35E-5, 0.005117272730062705
0.00226, 0.5203715119201776, 6.1285789907407455, 0.5209928643200803, 0.14749640335797817, 3.525E-5, 0.004863251353784746
0.0023, 0.5146209684032147, 6.070312694444447, 0.515145499644817, 0.14843026721126792, 3.7000000000000005E-5, 0.004633208488275364
0.00236, 0.5137082418946175, 6.014863851851856, 0.5142504744660611, 0.14878539560264567, 3.875000000000001E-5, 0.0044240468681318035
0.00243, 0.5152393694648363, 5.962454268518519, 0.5157729966170632, 0.14993660987914498, 4.050000000000001E-5, 0.004233016922221901
0.00249, 0.5148443910541943, 5.912659194444442, 0.5153793928187737, 0.14918119094969376, 4.225000000000001E-5, 0.0040574820828556376
0.00255, 0.5147163240649025, 5.865428657407409, 0.515213993056228, 0.14928086302168342, 4.400000000000001E-5, 0.0038961374818207353
0.00261, 0.5147812417382047, 5.820377444444448, 0.5152503009850444, 0.14584541364809564, 4.5750000000000014E-5, 0.0037470732863855174
0.00269, 0.5188251819277955, 5.777143740740741, 0.5193253812125291, 0.14720936577100233, 4.7500000000000016E-5, 0.003609028124145949
0.00275, 0.519118075400905, 5.7358963425925875, 0.5196159293848643, 0.1421231910385856, 4.925000000000002E-5, 0.003481084008785727
0.0028, 0.517721380633888, 5.69642844444444, 0.5182006553174384, 0.14923473257761707, 5.100000000000002E-5, 0.0033613532838992484
0.00284, 0.5147236068770339, 5.6585909166666655, 0.515172867298176, 0.14748296684580303, 5.275000000000002E-5, 0.0032502186489031222
0.00291, 0.5172875524039328, 5.622153101851851, 0.5177359284184764, 0.14955829116598668, 5.4500000000000024E-5, 0.0031454948636592153
0.00297, 0.5181421364400496, 5.587106175925928, 0.5185852242388094, 0.14565191386157744, 5.6250000000000026E-5, 0.003047619209314532
0.00302, 0.517366602004636, 5.553325537037036, 0.5178094344392886, 0.14813149989721877, 5.800000000000003E-5, 0.00295567109612254
0.00305, 0.513393693842112, 5.520851824074074, 0.5138032838737843, 0.1474185445165421, 5.975000000000003E-5, 0.002869126173315511
0.00312, 0.5162341079923428, 5.489335287037039, 0.5166650810842522, 0.14735198261582316, 6.150000000000003E-5, 0.0027874660975713544
0.00317, 0.5158468584476926, 5.458952314814817, 0.5162759952114306, 0.14901560466985386, 6.325000000000003E-5, 0.0027105015871231705
0.00321, 0.5139584621505723, 5.429540398148149, 0.514390934924718, 0.14730732105387556, 6.500000000000003E-5, 0.002637387102680667
0.00326, 0.5138091255340046, 5.40111426851852, 0.5142315263643293, 0.14904184314496918, 6.675000000000004E-5, 0.002568228155579755
0.00334, 0.5184051763569376, 5.373568703703704, 0.5188231366531962, 0.14567120545937826, 6.850000000000004E-5, 0.0025026131857866047
0.00337, 0.5153353858310171, 5.34697537962963, 0.5157078941353948, 0.14898344893254434, 7.025000000000004E-5, 0.0024403167865449382
0.00341, 0.5138899514986762, 5.321002518518516, 0.5142681973934669, 0.1463042020201879, 7.200000000000004E-5, 0.0023809875912975237
0.00346, 0.5140485953299846, 5.29578784259259, 0.5144287822311383, 0.14829592550890763, 7.375000000000004E-5, 0.0023245047777392005
0.0035, 0.51281190580606, 5.27130376851852, 0.5131894264834697, 0.14748135645000354, 7.550000000000005E-5, 0.002270796579472501
0.00355, 0.5131114530960845, 5.24745620370371, 0.5134970316063654, 0.14954334056075416, 7.725000000000005E-5, 0.002219155121151284
0.0036, 0.5135183390552154, 5.224427907407407, 0.5138605043287666, 0.14943677778691225, 7.900000000000005E-5, 0.002169984051946446
0.00365, 0.5139131264819617, 5.20179237037037, 0.5142738238523774, 0.14655809725997862, 8.075000000000005E-5, 0.0021230083415877494
0.0037, 0.5144068399201607, 5.179911666666662, 0.5147362581326816, 0.14285454457939026, 8.250000000000005E-5, 0.0020779978967350628
0.00375, 0.5148953885524022, 5.158418175925922, 0.5152426154682335, 0.14917320785579433, 8.425000000000006E-5, 0.0020347615049968156
0.00379, 0.5140798077238322, 5.137490064814815, 0.5144329058306549, 0.1483744814952767, 8.600000000000006E-5, 0.0019933629637193567
0.00384, 0.5147037528318782, 5.117160314814817, 0.515036463031117, 0.14695025825874328, 8.775000000000006E-5, 0.0019536300580150125
0.00386, 0.5113685789782818, 5.097248194444447, 0.511697886008884, 0.14888750274224719, 8.950000000000006E-5, 0.0019155262683076407
0.00393, 0.5146984220084717, 5.077776166666668, 0.5150355609227458, 0.14946493120467266, 9.125000000000006E-5, 0.001878673832818079
0.00396, 0.5128511662673942, 5.058853055555551, 0.5131620698089145, 0.14835064022088212, 9.300000000000007E-5, 0.0018433229530201557
0.00403, 0.5161533205224796, 5.040160685185185, 0.5164987717959084, 0.14846782240492948, 9.475000000000007E-5, 0.001809273291387534
0.00403, 0.5106385240291899, 5.0221446111111145, 0.5109318593744515, 0.1488352657584994, 9.650000000000007E-5, 0.0017764647882932121
0.00292, 0.5168153209635235, 5.614016824074074, 0.0, 0.14904590777209173, 5.49E-5, 0.0031228935228689615
0.00364, 0.5160831834388102, 5.213873935185186, 0.0, 0.14683205627564333, 7.98E-5, 0.0021482494905283337
0.00427, 0.5155345544786222, 4.94192137037037, 0.0, 0.1485285208415027, 1.047E-4, 0.0016373586762867905
0.00484, 0.515134785045793, 4.738522027777778, 0.0, 0.1496069692930402, 1.296E-4, 0.0013227691461755095
0.00534, 0.5123537861387055, 4.5774749074074075, 0.0, 0.14874738787680453, 1.5450000000000001E-4, 0.0011095721527549886
0.00585, 0.5139482415269321, 4.444977916666667, 0.0, 0.147701640757606, 1.7940000000000002E-4, 9.555672689922563E-4
0.00628, 0.5110701599692807, 4.332990935185185, 0.0, 0.1480782534707202, 2.0430000000000003E-4, 8.391023780735834E-4
0.00673, 0.5118859207783056, 4.236421749999999, 0.0, 0.14979559309695525, 2.2920000000000004E-4, 7.47944121907406E-4
0.00713, 0.5104041532311963, 4.151648648148148, 0.0, 0.14659149669996943, 2.5410000000000005E-4, 6.74651676256321E-4
0.00757, 0.5129764919045012, 4.076416083333332, 0.0, 0.1476207514419795, 2.7900000000000006E-4, 6.144582463329933E-4
0.00792, 0.5104517881582984, 4.008857194444444, 0.0, 0.14822386237752133, 3.0390000000000007E-4, 5.641008802721881E-4
0.00828, 0.5095999407176709, 3.947687675925928, 0.0, 0.1489767185251545, 3.288000000000001E-4, 5.213784159709909E-4
0.00863, 0.508900927045621, 3.8917957685185183, 0.0, 0.1499664017023507, 3.537000000000001E-4, 4.8468006377185436E-4
0.00901, 0.5105776621542609, 3.8404971203703706, 0.0, 0.1480256311396703, 3.786000000000001E-4, 4.5280119444555847E-4
0.00934, 0.5099666160607499, 3.7932030092592606, 0.0, 0.14736621325017232, 4.035000000000001E-4, 4.248562814854382E-4
0.00968, 0.5103623133951651, 3.749225333333334, 0.0, 0.14956396563993943, 4.284000000000001E-4, 4.001605706087229E-4
0.01001, 0.5106526219786348, 3.708261287037037, 0.0, 0.14446520742984356, 4.533000000000001E-4, 3.781877906642015E-4
0.01033, 0.5107735008438753, 3.6698535370370355, 0.0, 0.14881698052446507, 4.7820000000000013E-4, 3.5849013335710416E-4
0.01058, 0.5079043895494704, 3.633883185185186, 0.0, 0.1476143136588841, 5.031000000000001E-4, 3.4074491561466886E-4
0.01093, 0.5101505827012784, 3.59996099074074, 0.0, 0.14869064990215436, 5.280000000000001E-4, 3.2467549215417144E-4
0.01122, 0.509793335490588, 3.567834555555555, 0.0, 0.14799517245749674, 5.529000000000002E-4, 3.1005536507810956E-4
0.01152, 0.5102170081728629, 3.537568472222221, 0.0, 0.1489856867992514, 5.778000000000002E-4, 2.966919317581643E-4
0.01178, 0.5090987666714172, 3.5087764537037054, 0.0, 0.14942127530615293, 6.027000000000002E-4, 2.8443448560419273E-4
0.0121, 0.5107690091766148, 3.481364777777777, 0.0, 0.1490719627485785, 6.276000000000002E-4, 2.7314994441834955E-4
0.01232, 0.5084452194073735, 3.45525874074074, 0.0, 0.14989150339022592, 6.525000000000002E-4, 2.627261523263753E-4
0.0126, 0.5088292160188037, 3.4303314814814825, 0.0, 0.14997853829886937, 6.774000000000002E-4, 2.5306845552910165E-4
0.01289, 0.5097546529016835, 3.4064694259259256, 0.0, 0.1496610891411261, 7.023000000000002E-4, 2.4409621552329798E-4
0.01309, 0.5073204385092193, 3.3836267962962956, 0.0, 0.14882259269364956, 7.272000000000002E-4, 2.3573787282256257E-4
0.01332, 0.5062540074045597, 3.3616748888888885, 0.0, 0.14981455400283403, 7.521000000000002E-4, 2.279332800767296E-4
0.01366, 0.5094832738588565, 3.3406199074074077, 0.0, 0.14840322007918252, 7.770000000000002E-4, 2.2062879886489863E-4
0.01394, 0.5105379557492167, 3.3203858240740742, 0.0, 0.1477266628601627, 8.019000000000002E-4, 2.1377984756664134E-4
0.01414, 0.5087835804095044, 3.3008652222222223, 0.0, 0.1487791055768616, 8.268000000000003E-4, 2.0734953688066906E-4
0.01427, 0.5047465071445612, 3.2820801666666672, 0.0, 0.14872465904338472, 8.517000000000003E-4, 2.0127956652695E-4
0.01458, 0.5071832002060724, 3.2638854999999998, 0.0, 0.14873379345916632, 8.766000000000003E-4, 1.9556103261283227E-4
0.01487, 0.5089747168691958, 3.246338712962963, 0.0, 0.1478778927908718, 9.015000000000003E-4, 1.9015927998627152E-4
0.01513, 0.5098000565947678, 3.2293770555555557, 0.0, 0.14867543489129104, 9.264000000000003E-4, 1.8504820394688628E-4
0.0153, 0.5077106128381729, 3.212967111111111, 0.0, 0.14943013465858002, 9.513000000000003E-4, 1.8020471278301867E-4
0.00164, 0.5225166325022694, 6.8293304444444445, 0.0, 0.14824358351932024, 2.0417E-5, 0.008397377876523629
0.00166, 0.5225527270232825, 6.801951527777784, 0.0, 0.1450799186536248, 2.0834E-5, 0.0082283506375199
0.00167, 0.5195684913070128, 6.775398490740742, 0.0, 0.14540029683455205, 2.1251E-5, 0.008066907383484536
0.00169, 0.5197542699699899, 6.749370416666666, 0.0, 0.14934797665697266, 2.1668E-5, 0.00791463060831263
0.00171, 0.519969515329363, 6.723879861111113, 0.0, 0.14673371452061446, 2.2085E-5, 0.007762226070227492
0.00172, 0.517244256295552, 6.699078370370373, 0.0, 0.1442675777700139, 2.2502E-5, 0.007618414477710233
0.00174, 0.5175778153329847, 6.674746166666667, 0.0, 0.14911205128632476, 2.2919E-5, 0.007479762451381803
0.00176, 0.5179353457986485, 6.650896407407409, 0.0, 0.14550239848395466, 2.3335999999999998E-5, 0.007346276360703192
0.00179, 0.5212404094879358, 6.627566481481483, 0.0, 0.142382209012101, 2.3752999999999998E-5, 0.007217143868945452
0.00181, 0.521586831292209, 6.604529379629632, 0.0, 0.14747536880098328, 2.4169999999999997E-5, 0.007092748442738666
0.00183, 0.5220302502217287, 6.582244351851853, 0.0, 0.1452436087446375, 2.4586999999999997E-5, 0.006972637407222972
0.00183, 0.5168888614277687, 6.560560527777773, 0.0, 0.14826507947381334, 2.5003999999999996E-5, 0.006856547728549984
0.00185, 0.5174010038271114, 6.538991833333333, 0.0, 0.14432826942343221, 2.5420999999999996E-5, 0.006744099239776157
0.00186, 0.5151800142417914, 6.517898268518521, 0.0, 0.14955302218987843, 2.5837999999999996E-5, 0.006635052115390319
0.00189, 0.5185282420962842, 6.49724331481482, 0.0, 0.14506740946517363, 2.6254999999999995E-5, 0.006529418752750808
0.00191, 0.5190948328134634, 6.4768444537037055, 0.0, 0.14835351080761194, 2.6671999999999995E-5, 0.00642728751239875
0.00193, 0.5197109227072154, 6.456944388888887, 0.0, 0.14893539504294487, 2.7088999999999994E-5, 0.006328449942665931
0.00195, 0.5203523932789683, 6.437438916666664, 0.0, 0.1460479846230051, 2.7505999999999994E-5, 0.006232462444095976
0.00195, 0.5157385801334878, 6.418354592592594, 0.0, 0.1496836865723337, 2.7922999999999993E-5, 0.006140112211577439
0.00199, 0.5217055559741812, 6.399548435185185, 0.0, 0.1453761184123835, 2.8339999999999993E-5, 0.006049002919964376
0.00199, 0.51716500809259, 6.380930240740744, 0.0, 0.1495131054862922, 2.8756999999999993E-5, 0.005961424091162459
0.00201, 0.5179292241885535, 6.362826425925921, 0.0, 0.14457980175784374, 2.9173999999999992E-5, 0.005876103915560925
0.00206, 0.5180071690718846, 6.311240796296298, 0.0, 0.14898228754722986, 3.04E-5, 0.005639097744757241
0.00207, 0.5164437793354332, 6.294716092592592, 0.0, 0.14769612500742868, 3.08E-5, 0.005566113436835621
0.00208, 0.5150082584642505, 6.2787819351851875, 0.0, 0.14704156423150241, 3.1200000000000006E-5, 0.0054953425529660534

