#Number of particles: 108
#Initial configuration: FCC
#Dry microgel radius [nm]: 50.0
#Box length [units of dry radius]: 52.992319237152444
#Number of monomers: 2916666.666666667
#Number of chains: 291.6666666666669
#Flory interaction parameter (chi): 0.0
#Young's calibration factor: 1.0
#Minimum x-link fraction: 2.0E-5
#Maximum x-link fraction: 0.001
#x-link fraction increment: 1.75E-6
#Reservoir swelling ratio: 5.515431666374207
#Mean swelling ratio: 5.513938592592592
#Max Dry volume fraction: 10.0
#Minimum Dry volume fraction: 0.0015
#Reservoir volume fraction: 0.5100492442089981
#Actual volume fraction: 0.0
#MC steps: 150000
#Equilibration steps: 50000.0
#Snapshot interval: 100
#Displacement tolerance: 0.1
#Particle radius change tolerance: 0.05
#Particle radius bin width: 0.001
#g(r) bin width: 0.005
#phi0,		   phi,       	   <alpha>,      		zeta, 	 	 	  lindemannParameter, 			x-link, 		kT/E
0.00156, 0.5179279585509974, 6.923802101851853, 0.5184579474610342, 0.14783543959023215, 3.175E-5, 0.005399584052587595
0.00161, 0.5177007610236463, 6.850365750000003, 0.5182155091967982, 0.14841017319347885, 3.35E-5, 0.005117275207849146
0.00166, 0.517812042995498, 6.781367851851859, 0.5183199895051579, 0.14835724861855026, 3.525E-5, 0.004863227790561575
0.00171, 0.5182309619624214, 6.716426009259258, 0.5187197627094943, 0.14763210184784803, 3.7000000000000005E-5, 0.004633219385197278
0.00175, 0.5159520144900188, 6.655071749999998, 0.5164195085776857, 0.14762821887439598, 3.875000000000001E-5, 0.004423965043381087
0.00179, 0.5140419694556879, 6.596963537037039, 0.514488714888258, 0.1480059020886027, 4.050000000000001E-5, 0.004232829139349463
0.00184, 0.5152231819639027, 6.5416571666666705, 0.5156856409201426, 0.14971828175029717, 4.225000000000001E-5, 0.0040575558778514036
0.00188, 0.5138914455522516, 6.489327305555556, 0.5142979812987694, 0.14936291279338834, 4.400000000000001E-5, 0.0038961052653147072
0.00193, 0.5154300092511933, 6.439204768518516, 0.5158401756701332, 0.1489367910395255, 4.5750000000000014E-5, 0.003747171835812895
0.00197, 0.5144878245483653, 6.3914250740740775, 0.5148788057603096, 0.14704083114425578, 4.7500000000000016E-5, 0.0036090419817286913
0.00204, 0.521373562338395, 6.345526935185185, 0.5217978300402916, 0.14097096458194958, 4.925000000000002E-5, 0.003480886632546454
0.00206, 0.5156956701333503, 6.301875666666668, 0.5160609366406367, 0.14659445361511175, 5.100000000000002E-5, 0.003361345183608219
0.0021, 0.5151906676842261, 6.259559861111112, 0.5156095526096506, 0.14804459672429718, 5.275000000000002E-5, 0.0032498750420165146
0.00213, 0.5125657728935549, 6.219434629629627, 0.5129019158959801, 0.14783755607351648, 5.4500000000000024E-5, 0.003145555338919826
0.0022, 0.5195436313176942, 6.180550546296295, 0.5198747176211672, 0.14087310708758297, 5.6250000000000026E-5, 0.0030476555160682175
0.00223, 0.5170554123551635, 6.1428688333333366, 0.5174326435331714, 0.14175875719174874, 5.800000000000003E-5, 0.002955677449721916
0.00225, 0.5125576564098089, 6.106802333333334, 0.5129084522975753, 0.14897779355955051, 5.975000000000003E-5, 0.0028691936876116073
0.00231, 0.5172117157678524, 6.071730611111107, 0.5176085037508626, 0.146104428813798, 6.150000000000003E-5, 0.0027874801437969966
0.00234, 0.5152868627391125, 6.038159805555554, 0.5156403225205863, 0.146950699460261, 6.325000000000003E-5, 0.0027103899041495136
0.00237, 0.5135138864717518, 6.005666935185177, 0.5138317138466384, 0.14596470541178672, 6.500000000000003E-5, 0.0026373791442239974
0.00241, 0.5139449362148097, 5.973925898148145, 0.514301889069751, 0.14829215507786184, 6.675000000000004E-5, 0.002568218505252344
0.00246, 0.516607544348023, 5.943399648148145, 0.5169439628961543, 0.14524547036285348, 6.850000000000004E-5, 0.0025026248580017657
0.0025, 0.5171806313767542, 5.9137160370370365, 0.5175173292590711, 0.14777239870959522, 7.025000000000004E-5, 0.002440552559902415
0.00252, 0.5137542486783767, 5.884973305555557, 0.5140714417858634, 0.1484012004772855, 7.200000000000004E-5, 0.0023810333203308
0.00256, 0.514481319514899, 5.856922935185185, 0.5148189349283633, 0.14969822878492975, 7.375000000000004E-5, 0.002324474656899319
0.0026, 0.515327635121403, 5.82992010185185, 0.5156141999961842, 0.14739938913587003, 7.550000000000005E-5, 0.00227058306754893
0.00264, 0.5161400831745467, 5.803370666666667, 0.5164538134539177, 0.1478764521126636, 7.725000000000005E-5, 0.002219168144825605
0.00265, 0.5112396218867331, 5.777658953703705, 0.5115454066214868, 0.14993543216052646, 7.900000000000005E-5, 0.002169982179942542
0.0027, 0.5141487485415752, 5.752641203703703, 0.5144447988127606, 0.14623667149475897, 8.075000000000005E-5, 0.0021229793087106223
0.00274, 0.5151570517413686, 5.728247194444442, 0.5154477187040483, 0.14607161614167907, 8.250000000000005E-5, 0.0020779367743447843
0.00278, 0.5161661184615254, 5.7043607129629645, 0.5164810184367504, 0.1464617786732126, 8.425000000000006E-5, 0.0020347896270188318
0.00281, 0.5154475105254189, 5.681347037037039, 0.5157081725704827, 0.14366916885792347, 8.600000000000006E-5, 0.001993394398196718
0.00283, 0.5129013482102042, 5.6585819537037025, 0.5131906522761993, 0.14901093556034653, 8.775000000000006E-5, 0.0019536314185427174
0.00289, 0.5176469306189466, 5.636420916666667, 0.5179517798385851, 0.1440829046193035, 8.950000000000006E-5, 0.0019154873021561196
0.00289, 0.5117200204456901, 5.6148265185185195, 0.5120197832624847, 0.14992622875871114, 9.125000000000006E-5, 0.0018786707174353432
0.00293, 0.513000116244576, 5.593814740740739, 0.5132736533323892, 0.14593001895301447, 9.300000000000007E-5, 0.0018433179752722817
0.00296, 0.5125393119000426, 5.573180787037032, 0.5128109552748409, 0.14760545868551664, 9.475000000000007E-5, 0.0018092751238412048
0.003, 0.5138700738679427, 5.553097129629632, 0.5141154032237366, 0.14593845393759747, 9.650000000000007E-5, 0.0017764775665826133
0.00216, 0.517475810478419, 6.210211898148143, 0.0, 0.14556147878081602, 5.49E-5, 0.0031226547906588603
0.00268, 0.5139378901189067, 5.766126444444442, 0.0, 0.1477368473244881, 7.98E-5, 0.0021482322749714383
0.00317, 0.5172765911226762, 5.464016379629628, 0.0, 0.14673631806035306, 1.047E-4, 0.001637470916751845
0.00357, 0.5132147846573839, 5.238009638888892, 0.0, 0.1442096594040882, 1.296E-4, 0.0013227658675766588
0.00395, 0.5116260866874307, 5.059101009259259, 0.0, 0.14739184292626475, 1.5450000000000001E-4, 0.00110957027824611
0.00431, 0.5109117742255637, 4.9118294722222196, 0.0, 0.14848404422928713, 1.7940000000000002E-4, 9.555857222020661E-4
0.00463, 0.5081452514794108, 4.787274249999999, 0.0, 0.14994809618077728, 2.0430000000000003E-4, 8.391035633833934E-4
0.00498, 0.5105991329442615, 4.679886453703705, 0.0, 0.14836751261155345, 2.2920000000000004E-4, 7.47943625968136E-4
0.00529, 0.5102377622930808, 4.585532925925926, 0.0, 0.14888940534934297, 2.5410000000000005E-4, 6.746513098772526E-4
0.00562, 0.5129050509062093, 4.501772481481481, 0.0, 0.14805523823195188, 2.7900000000000006E-4, 6.144499356018547E-4
0.00589, 0.5110870164720748, 4.4266563148148155, 0.0, 0.14814447632597613, 3.0390000000000007E-4, 5.640953321189777E-4
0.00616, 0.510210923173591, 4.358512222222222, 0.0, 0.14920920362578516, 3.288000000000001E-4, 5.213774930554606E-4
0.00645, 0.5116977007577391, 4.296346555555554, 0.0, 0.1472030533331715, 3.537000000000001E-4, 4.846842393334459E-4
0.0067, 0.5106263677895605, 4.239261361111112, 0.0, 0.1475770473037024, 3.786000000000001E-4, 4.5279608284031614E-4
0.00693, 0.5086743257241375, 4.1864802870370355, 0.0, 0.1497456964396862, 4.035000000000001E-4, 4.248556646963948E-4
0.00718, 0.50874909376765, 4.1375125740740755, 0.0, 0.14569850684497973, 4.284000000000001E-4, 4.001604461519434E-4
0.00743, 0.5092152327744522, 4.091820009259259, 0.0, 0.14957264478335705, 4.533000000000001E-4, 3.7817931986308147E-4
0.00766, 0.5086927279820533, 4.049057611111111, 0.0, 0.14994109603836664, 4.7820000000000013E-4, 3.58487541111685E-4
0.00793, 0.511113037973499, 4.008906462962962, 0.0, 0.14276826617966418, 5.031000000000001E-4, 3.407455147913803E-4
0.00804, 0.5037125560682507, 3.9711793240740745, 0.0, 0.14892765728244978, 5.280000000000001E-4, 3.246781399680445E-4
0.00837, 0.5103261096309507, 3.935360805555555, 0.0, 0.14966764075302758, 5.529000000000002E-4, 3.100534968072441E-4
0.0086, 0.5109638452641317, 3.9015801481481485, 0.0, 0.1497811184646085, 5.778000000000002E-4, 2.9669189794952487E-4
0.0088, 0.5100244038279861, 3.869416740740741, 0.0, 0.14950103646108082, 6.027000000000002E-4, 2.844343510226146E-4
0.00895, 0.5065411748186293, 3.8388948518518515, 0.0, 0.1499580738821537, 6.276000000000002E-4, 2.731500960147039E-4
0.0092, 0.5089024516056474, 3.809702055555555, 0.0, 0.14958352410242054, 6.525000000000002E-4, 2.627257799775423E-4
0.00946, 0.5119108505763184, 3.7818939259259254, 0.0, 0.14470992921643253, 6.774000000000002E-4, 2.5306884961033733E-4
0.00959, 0.5080889490946953, 3.755332842592593, 0.0, 0.1487740102199872, 7.023000000000002E-4, 2.4409647051688168E-4
0.00983, 0.5102533365036228, 3.7297953425925936, 0.0, 0.14765034989052633, 7.272000000000002E-4, 2.3573791954532245E-4
0.00992, 0.5048539630382026, 3.7053138611111116, 0.0, 0.14891094710624184, 7.521000000000002E-4, 2.2793321789044008E-4
0.01014, 0.5062835426995361, 3.6817879074074074, 0.0, 0.14898348519685828, 7.770000000000002E-4, 2.2063027833568537E-4
0.01036, 0.507800028771865, 3.6591840833333333, 0.0, 0.1472600250018391, 8.019000000000002E-4, 2.1377813155420812E-4
0.01054, 0.5074511517449636, 3.6373937685185185, 0.0, 0.14968794950646533, 8.268000000000003E-4, 2.0734070212978208E-4
0.01072, 0.5072240832084361, 3.6163800740740757, 0.0, 0.14958326784962572, 8.517000000000003E-4, 2.0127911051836606E-4
0.01092, 0.5080539160039766, 3.5961229814814826, 0.0, 0.14921344380527118, 8.766000000000003E-4, 1.9556113049735025E-4
0.01107, 0.5066472963700591, 3.5764969814814824, 0.0, 0.14490562122761036, 9.015000000000003E-4, 1.9015925860349123E-4
0.01127, 0.5076532557984484, 3.557562990740742, 0.0, 0.14967070762728943, 9.264000000000003E-4, 1.8504821626295567E-4
0.01148, 0.5091470305524775, 3.539197768518517, 0.0, 0.146741646377009, 9.513000000000003E-4, 1.802045586996875E-4
0.0012, 0.518438975371981, 7.559088722222216, 0.0, 0.14837400934893866, 2.0417E-5, 0.008397810448188787
0.00122, 0.5207616782916042, 7.528763166666671, 0.0, 0.14439142319909215, 2.0834E-5, 0.008229325216295017
0.00123, 0.5188559998909066, 7.499133249999998, 0.0, 0.1436796925206342, 2.1251E-5, 0.008066847334973483
0.00125, 0.5211795699731802, 7.470040777777782, 0.0, 0.1415896359850763, 2.1668E-5, 0.007911662526021998
0.00126, 0.5194197081027678, 7.441832175925927, 0.0, 0.14967626896188707, 2.2085E-5, 0.0077633651991839215
0.00128, 0.521793376573341, 7.414127379629632, 0.0, 0.1432738063837776, 2.2502E-5, 0.007618475256482153
0.00129, 0.5201876879191658, 7.387325537037041, 0.0, 0.14808703554610284, 2.2919E-5, 0.0074804430501054535
0.00129, 0.5146221688065595, 7.360883250000006, 0.0, 0.14732768749918745, 2.3335999999999998E-5, 0.007346258372679479
0.00131, 0.5170793214327584, 7.33486725925926, 0.0, 0.14841258501221688, 2.3752999999999998E-5, 0.007217371647424139
0.00133, 0.5195610789979406, 7.30957277777778, 0.0, 0.14901614745690456, 2.4169999999999997E-5, 0.007092759358222727
0.00135, 0.5219958747660081, 7.284639611111105, 0.0, 0.14647924025365272, 2.4586999999999997E-5, 0.00697251330954621
0.00137, 0.524425103573609, 7.260243416666662, 0.0, 0.1440297916792901, 2.5003999999999996E-5, 0.006856095630768612
0.00138, 0.5231106498449176, 7.236607814814816, 0.0, 0.14231411039882078, 2.5420999999999996E-5, 0.006743587514983332
0.00138, 0.5180543637133432, 7.213216490740738, 0.0, 0.14967872577200972, 2.5837999999999996E-5, 0.006634800505819998
0.0014, 0.5205420804193763, 7.1901752685185185, 0.0, 0.14666769066993168, 2.6254999999999995E-5, 0.006529852452175264
0.0014, 0.5156996065459525, 7.167808842592592, 0.0, 0.14926959985917435, 2.6671999999999995E-5, 0.006427371337362686
0.00142, 0.5182338814714007, 7.145662824074077, 0.0, 0.14842242209390652, 2.7088999999999994E-5, 0.00632835684714379
0.00143, 0.5171889352628387, 7.124170481481486, 0.0, 0.14616421501423613, 2.7505999999999994E-5, 0.0062324943733541565
0.00145, 0.5197210778637019, 7.1028197037037, 0.0, 0.14494771977742088, 2.7922999999999993E-5, 0.006139852169102813
0.00146, 0.5186880211516688, 7.081867101851853, 0.0, 0.14172324530499855, 2.8339999999999993E-5, 0.006049055612715943
0.00147, 0.5177311640214204, 7.061423768518518, 0.0, 0.1475531452009776, 2.8756999999999993E-5, 0.005961308912412077
0.00149, 0.5202817681642841, 7.041209805555562, 0.0, 0.14400087984707877, 2.9173999999999992E-5, 0.005876133200894488
0.00153, 0.521322137844957, 6.983953583333338, 0.0, 0.13968660887482232, 3.04E-5, 0.005639442470370342
0.00154, 0.5205973547449677, 6.965571314814819, 0.0, 0.14828923217682688, 3.08E-5, 0.005565868123027305
0.00155, 0.5199288298691225, 6.947584046296291, 0.0, 0.14802117644211632, 3.1200000000000006E-5, 0.0054945117674662395

