#Number of particles: 108
#Initial configuration: FCC
#Dry microgel radius [nm]: 50.0
#Box length [units of dry radius]: 44.31012825084239
#Number of monomers: 2916666.666666667
#Number of chains: 291.6666666666669
#Flory interaction parameter (chi): 0.2
#Young's calibration factor: 1.0
#Minimum x-link fraction: 3.0E-5
#Maximum x-link fraction: 0.001
#x-link fraction increment: 1.75E-6
#Reservoir swelling ratio: 4.988451945781708
#Mean swelling ratio: 4.988
#Max Dry volume fraction: 10.0
#Minimum Dry volume fraction: 0.001
#Reservoir volume fraction: 0.6455066527361406
#Actual volume fraction: 0.0
#MC steps: 150000
#Equilibration steps: 50000.0
#Snapshot interval: 100
#Displacement tolerance: 0.1
#Particle radius change tolerance: 0.0
#Particle radius bin width: 0.001
#g(r) bin width: 0.005
#phi0,		   phi,       	   <alpha>,      		zeta, 	 	 	  lindemannParameter, 			x-link, 		kT/E
0.0033, 0.7753052099263851, 6.26, 0.8095943929793745, 0.14785404172335545, 3.175E-5, 0.005399325084364454
0.00336, 0.7676388912346538, 6.193, 0.7984052616485949, 0.14678107567599757, 3.35E-5, 0.00511727078891258
0.00342, 0.7600722841159815, 6.131, 0.7884040043558095, 0.147898100186834, 3.525E-5, 0.00486322188449848
0.00347, 0.7516497750627256, 6.072, 0.777198018121675, 0.147588877956504, 3.7000000000000005E-5, 0.004633204633204632
0.00351, 0.7418889627614406, 6.017, 0.7648389248531479, 0.1476934592330911, 3.875000000000001E-5, 0.00442396313364055
0.00358, 0.738239290021015, 5.965, 0.7598632391215497, 0.14651581218260828, 4.050000000000001E-5, 0.004232804232804231
0.00364, 0.7332869383731218, 5.915, 0.7534055053139019, 0.1454179254404292, 4.225000000000001E-5, 0.004057480980557903
0.00371, 0.7307541114951668, 5.867, 0.7495855334970248, 0.14034452145030574, 4.400000000000001E-5, 0.003896103896103895
0.00373, 0.7191073272440418, 5.822, 0.736353674900461, 0.1480201723555151, 4.5750000000000014E-5, 0.003747072599531614
0.0038, 0.7171022822731782, 5.779, 0.7336200105854284, 0.14754449118369156, 4.7500000000000016E-5, 0.0036090225563909753
0.00387, 0.7154462823398862, 5.738, 0.731241913973287, 0.14769343104455376, 4.925000000000002E-5, 0.003480783176214646
0.00391, 0.7090596603876518, 5.698, 0.723630414253441, 0.1465053187391342, 5.100000000000002E-5, 0.0033613445378151236
0.00397, 0.7061063132875778, 5.66, 0.7201541349467591, 0.14873173212542043, 5.275000000000002E-5, 0.0032498307379823952
0.00403, 0.703715709966165, 5.624000000000001, 0.7170019127104323, 0.1469519234598374, 5.4500000000000024E-5, 0.003145478374836171
0.00406, 0.6967391285836803, 5.589, 0.7089078791546769, 0.1457489867352732, 5.6250000000000026E-5, 0.0030476190476190455
0.00411, 0.6930484295020005, 5.555, 0.7047001523966827, 0.1476419994515901, 5.800000000000003E-5, 0.00295566502463054
0.00419, 0.6943279054818366, 5.522, 0.7058488915015264, 0.14638953353166112, 5.975000000000003E-5, 0.002869097429766884
0.00425, 0.692753080999553, 5.491000000000001, 0.7037911756235077, 0.14521954700690595, 6.150000000000003E-5, 0.002787456445993029
0.0043, 0.6896377280553716, 5.461, 0.7003107411281455, 0.14713723082306418, 6.325000000000003E-5, 0.0027103331451157524
0.00431, 0.6809629976348955, 5.431, 0.6906613851945426, 0.1472978677861952, 6.500000000000003E-5, 0.0026373626373626356
0.00436, 0.6782998656645961, 5.403, 0.6877458096962998, 0.14999891199548085, 6.675000000000004E-5, 0.0025682182985553755
0.00444, 0.6802096576924838, 5.375, 0.6896924951134596, 0.14942649213067455, 6.850000000000004E-5, 0.0025026068821689244
0.00448, 0.6767272789721863, 5.348, 0.6855695927262043, 0.14878310653636664, 7.025000000000004E-5, 0.002440264361972545
0.00454, 0.6759990327515785, 5.322, 0.6846851085189737, 0.1480738254343194, 7.200000000000004E-5, 0.0023809523809523794
0.00457, 0.6714947027939869, 5.297, 0.6794632152491317, 0.14596344207935757, 7.375000000000004E-5, 0.0023244552058111364
0.00462, 0.6695435382155726, 5.273, 0.6774109020802743, 0.1484949796702254, 7.550000000000005E-5, 0.0022705771050141894
0.00467, 0.6679491069233173, 5.249, 0.6755016322581127, 0.14570991807030023, 7.725000000000005E-5, 0.0022191400832177514
0.00475, 0.6703768006975382, 5.226, 0.6780096777872395, 0.1471394948857711, 7.900000000000005E-5, 0.002169981916817358
0.00476, 0.6635966001702326, 5.203, 0.670670250152049, 0.14653747658047, 8.075000000000005E-5, 0.002122954444935868
0.00482, 0.6635816740439293, 5.181, 0.6705485784488425, 0.14710296801499576, 8.250000000000005E-5, 0.0020779220779220766
0.00486, 0.6610646779347178, 5.16, 0.6677545638571701, 0.14581816217659374, 8.425000000000006E-5, 0.0020347604917337835
0.00489, 0.6573109347166712, 5.139, 0.6637412052008619, 0.14904024512170316, 8.600000000000006E-5, 0.001993355481727573
0.00495, 0.6575230536996524, 5.118, 0.6639141674337135, 0.1492903916975947, 8.775000000000006E-5, 0.001953601953601952
0.005, 0.6566587369666655, 5.098, 0.6628213608549999, 0.1475021120385962, 8.950000000000006E-5, 0.001915403032721467
0.00506, 0.6571463058586406, 5.079, 0.6631257447354508, 0.14394319491080276, 9.125000000000006E-5, 0.0018786692759295484
0.0051, 0.655022823291796, 5.06, 0.6608894188323371, 0.1461078230062825, 9.300000000000007E-5, 0.001843317972350229
0.00513, 0.6518365221300154, 5.041, 0.6574781423919024, 0.1485465837250748, 9.475000000000007E-5, 0.0018092725216735754
0.00519, 0.6523731592844564, 5.023, 0.6579994269105809, 0.14870298379664237, 9.650000000000007E-5, 0.0017764618800888221
0.00402, 0.6993328717133913, 5.616000000000001, 0.7121234144284719, 0.1483844475244736, 5.49E-5, 0.0031225604996096795
0.00474, 0.6651880202848975, 5.215, 0.6725526482609171, 0.14793892332210523, 7.98E-5, 0.0021482277121374865
0.00541, 0.6485823980752083, 4.943, 0.6535663515549667, 0.14439470112977518, 1.047E-4, 0.001637331150225133
0.00594, 0.6289438216232129, 4.739, 0.6325356854013865, 0.14931356993026831, 1.296E-4, 0.0013227513227513225
0.00647, 0.6182957806640155, 4.578, 0.6210588617037804, 0.14733688453297097, 1.5450000000000001E-4, 0.0011095700416088763
0.00703, 0.6155288509746174, 4.446, 0.6178902461612124, 0.14531799708493098, 1.7940000000000002E-4, 9.555661729574771E-4
0.00743, 0.6030123050804737, 4.3340000000000005, 0.6049162771809524, 0.14952860482939376, 2.0430000000000003E-4, 8.391021606880634E-4
0.00795, 0.60318368699052, 4.237, 0.6049015002952174, 0.1483192863962155, 2.2920000000000004E-4, 7.479431563201193E-4
0.00833, 0.5950843651330864, 4.152, 0.5965344341206957, 0.14965227355771624, 2.5410000000000005E-4, 6.746500252993757E-4
0.00876, 0.5925115478208268, 4.077, 0.5938197563683458, 0.14831428273712427, 2.7900000000000006E-4, 6.144393241167433E-4
0.00916, 0.5893671091723001, 4.009, 0.5905634503420077, 0.14980456594411032, 3.0390000000000007E-4, 5.640953321111267E-4
0.00954, 0.5862783838156889, 3.948, 0.5873177885657418, 0.14583343410876395, 3.288000000000001E-4, 5.213764337851928E-4
0.00994, 0.5853579226317986, 3.892, 0.5863357746381253, 0.14849787250781388, 3.537000000000001E-4, 4.8467224039743103E-4
0.01028, 0.5818209943668271, 3.841, 0.582727210880639, 0.14976402373129366, 3.786000000000001E-4, 4.5279601539506423E-4
0.01065, 0.5808044603526581, 3.794, 0.5816322720532978, 0.14915540525549423, 4.035000000000001E-4, 4.248539564524693E-4
0.01097, 0.5777538782217833, 3.75, 0.5785145040697248, 0.14946634979352608, 4.284000000000001E-4, 4.001600640256101E-4
0.01132, 0.5768860265838706, 3.709, 0.5776044592557832, 0.14838738352477757, 4.533000000000001E-4, 3.781790677885978E-4
0.01166, 0.5759970357656962, 3.67, 0.5766822583076537, 0.1491790433811795, 4.7820000000000013E-4, 3.584871840831689E-4
0.01201, 0.5760210505950212, 3.634, 0.5766756571935162, 0.14668687985544104, 5.031000000000001E-4, 3.4074452679103834E-4
0.01226, 0.571746524627966, 3.6, 0.5723458587312438, 0.14805482687110758, 5.280000000000001E-4, 3.2467532467532446E-4
0.01256, 0.5702623335608874, 3.568, 0.5708327458601684, 0.1492943798140738, 5.529000000000002E-4, 3.1005348422602887E-4
0.01295, 0.5730983991807695, 3.538, 0.5736688139742124, 0.1478200052876845, 5.778000000000002E-4, 2.9669188547693203E-4
0.0132, 0.5700510461700278, 3.509, 0.5705766519310469, 0.1497177057132046, 6.027000000000002E-4, 2.844343312237786E-4
0.01352, 0.5703305287210112, 3.482, 0.570823934471022, 0.14615798249288903, 6.276000000000002E-4, 2.7314941272876255E-4
0.01386, 0.5716251741644096, 3.455, 0.5721099599088261, 0.14524337509108876, 6.525000000000002E-4, 2.6272577996715917E-4
0.01414, 0.5705844339016877, 3.431, 0.5711203513931269, 0.14852517368973528, 6.774000000000002E-4, 2.53068455017082E-4
0.01439, 0.568715452032371, 3.407, 0.5691792969651971, 0.14830981252142533, 7.023000000000002E-4, 2.4409592970037213E-4
0.01465, 0.5674525469444641, 3.384, 0.5678795277949942, 0.14860148288818306, 7.272000000000002E-4, 2.3573785950023563E-4
0.01489, 0.5656266626134926, 3.362, 0.5660372794004259, 0.14790424960825158, 7.521000000000002E-4, 2.2793321556783847E-4
0.01515, 0.5647654083228694, 3.341, 0.5651634261849456, 0.1487917406040311, 7.770000000000002E-4, 2.2062879205736338E-4
0.0155, 0.5673644679111396, 3.321, 0.5677646708521941, 0.14637751183180844, 8.019000000000002E-4, 2.1377799155576925E-4
0.01566, 0.5632005969491788, 3.301, 0.5635724997434911, 0.14908964283814988, 8.268000000000003E-4, 2.0733982998133934E-4
0.01602, 0.5663257536419622, 3.282, 0.5667266303350109, 0.14966655729257905, 8.517000000000003E-4, 2.0127811603683383E-4
0.01621, 0.5636224206377862, 3.264, 0.5639825022116891, 0.14701666059952678, 8.766000000000003E-4, 1.9556077050943575E-4
0.01644, 0.5624676445091733, 3.247, 0.5628097803886327, 0.1472919910124526, 9.015000000000003E-4, 1.9015925837889225E-4
0.01678, 0.5651526220261255, 3.23, 0.5654899346148379, 0.14562467126721754, 9.264000000000003E-4, 1.8504811250925234E-4
0.01692, 0.5612110585084169, 3.213, 0.5615521766488077, 0.14938517730484893, 9.513000000000003E-4, 1.8020453214398334E-4
