Number of particles: 32
Initial configuration: FCC
Dry microgel radius [nm]: 50.0
Box length [units of dry radius]: 20.267689261862138
Number of monomers: 2916666.666666667
Flory interaction parameter (chi): 0.0
Young's calibration factor: 1.0
x-link fraction: 0.001
DryVolFrac increment: 1.0E-4
MC steps: 20000
Equilibration steps: 10000.0
Snapshot interval: 100
Displacement tolerance: 0.1
Particle radius change tolerance: 0.05
Particle radius bin width: 0.001
g(r) bin width: 0.005
phi0,	mu/KT,		(PV/NkT)_total,		1+(PV/NkT)_virial,		 1+(PV/NkT)_pair/calculated,		(PV/NkT)_FR,      <F_total>/V,      EntropySolid,		Freference/V,           <F_FR>/V,     <alpha>,      zeta, 		newHertzianPotential, 		SpringConstant, 		lindemannParameter
0.0101, 10.83398119429644, 10.593995561995762, 1.0, 11.856067556726263, -1.2620719947305006, -0.008797173837999899, 1.5088785183126305, -0.007188286125090946, 0.001234288001111717, 3.5049946875, 0.0, 0.0, 0.514051835971238, 0.20407106349981552
0.0102, 3.526892805196156, 22.049879456198894, 1.0, 23.592302923154183, -1.5424234669552888, -0.0098335163034526, 1.5099345733727192, -0.006381554517086274, 0.001164496903227819, 3.5047865624999996, 0.0, 0.0, 0.6586650607888103, 0.18087512227812882
0.0103, 22.323206059654865, 31.5917700824488, 1.0, 31.262746240018906, 0.329023842429893, -0.008628777110889236, 1.5087255821345682, -0.00800500806576776, 0.0011834759779919654, 3.505011250000001, 0.0, 0.0, 0.4254584274626946, 0.2257849222893978
0.0104, -14.101913741859732, -56.68464768304214, 1.0, -57.12895340666284, 0.44430572362070153, -0.008767661726436693, 1.5088591871905601, -0.006811983830670062, 0.0012031867505806748, 3.5050228125000005, 0.0, 0.0, 0.604968356842909, 0.1899572515669774
0.0105, -0.8722262963929179, -14.131131849803548, 1.0, -15.0276784225673, 0.8965465727637526, -0.009302093894610987, 1.5093964939953521, -0.005934223096332693, 0.0012278282203813783, 3.5049893750000005, 0.0, 0.0, 0.783622639248508, 0.16743800453395963
0.0106, -9.426200216374244, -5.864737926417629, 1.0, -5.873411319666087, 0.008673393248458618, -0.008809307464406394, 1.508893818206769, -0.006114767803058692, 0.00126938090040865, 3.5050171874999996, 0.0, 0.0, 0.7574783526700147, 0.1708419825387472
0.0107, 25.644147951922747, 48.21010703829417, 1.0, 47.844763818991005, 0.3653432193031655, -0.009752161802313943, 1.5098392938933765, -0.00605343002378846, 0.0012521929274306183, 3.5048615624999995, 0.0, 0.0, 0.7820029261999888, 0.16866882931920832
0.0108, 41.52229104031909, 57.984424907878484, 1.0, 57.3575932740498, 0.6268316338286869, -0.007584889592027871, 1.507714222289646, -0.007123077809889954, 0.0013102302294708886, 3.5048881250000004, 0.0, 0.0, 0.5966082995964492, 0.19370509035407563
0.0109, -2.541541267611697, 1.240007488448915, 1.0, 1.336706589637627, -0.09669910118871199, -0.007769618442043813, 1.507903701413052, -0.006830886947407644, 0.001306385456101659, 3.5050850000000007, 0.0, 0.0, 0.6557486050500255, 0.1853323526308436
0.011, 3.6314123391520376, -24.622709945774105, 1.0, -23.585776784403922, -1.0369331613701815, -0.007706239248771604, 1.5078293777089, -0.007286409031916728, 0.0013295835628281854, 3.5048884375000005, 0.0, 0.0, 0.5914823116479191, 0.1957361798914039
0.0111, 20.137771099879703, 13.615360341685168, 1.0, 14.608698839623404, -0.9933384979382366, -0.007596231274789528, 1.5076770186166422, -0.005474218703426893, 0.001281049791212144, 3.5049028125000006, 0.0, 0.0, 0.9631942425180924, 0.1538491665150565
0.0112, 8.44181850449623, -0.002545374832883418, 1.0, -1.3282708878803298, 1.3257255130474463, -0.006744731504751913, 1.5069081377739915, -0.00693675239725873, 0.0013052371214151194, 3.504928750000001, 0.0, 0.0, 0.6693684128896134, 0.18510486257192232
0.0113, 1.5423031553729036, -13.278200523877778, 1.0, -14.758966020296958, 1.48076549641918, -0.007193164131686966, 1.5073335465977862, -0.005074458972137379, 0.0013676563275270618, 3.50501375, 0.0, 0.0, 1.0933596607274927, 0.14526323723613155
0.0114, 21.89750866054278, 28.252146786262394, 1.0, 27.896922065427955, 0.35522472083443807, -0.006671091953474766, 1.506817064121464, -0.00619162626499571, 0.0014001447725915253, 3.504985312500001, 0.0, 0.0, 0.8335459265032562, 0.1668583498079416
0.0115, 3.5837190639965857, -37.17828715033765, 1.0, -35.595132093529045, -1.5831550568086088, -0.006147635108270075, 1.506283149978793, -0.00536945891417268, 0.0014091810019746323, 3.5049768750000005, 0.0, 0.0, 1.0381554568936746, 0.14994978418933402
0.0116, 8.26667239777813, 2.1884208371892675, 1.0, 1.8941034068354263, 0.29431743035384134, -0.006499981972368451, 1.5066319406581365, -0.004231850332161774, 0.0013490621823864346, 3.5049237499999992, 0.0, 0.0, 1.3931378181433134, 0.12981754225665906
0.0117, -2.368409970855955, 1.765845072279486, 1.0, 1.9243324108637285, -0.15848733858424258, -0.005752930575761758, 1.505866787222444, -0.0050401380618709584, 0.001446493316938074, 3.504820000000001, 0.0, 0.0, 1.1516767096298997, 0.14318837341671461
0.0118, -4.75243020306007, -26.43609626158077, 1.0, -23.895712448778152, -2.540383812802618, -0.006613065218607408, 1.5067215735222899, -0.004417061982580118, 0.0013662213508666072, 3.5048921875000008, 0.0, 0.0, 1.354957238909103, 0.1323860735216964
0.0119, 19.58793991759849, 10.346746394740201, 1.0, 9.058349391718671, 1.2883970030215297, -0.0059798424033166275, 1.5061023086470189, -0.003967598876769731, 0.001348355218673107, 3.504875625000001, 0.0, 0.0, 1.5242951562405067, 0.1251676829479918
0.012, 30.499274714018476, 33.21482247051204, 1.0, 31.984239390009282, 1.2305830805027598, -0.005677809979745552, 1.5058198482725682, -0.003942008274877046, 0.001450399208621912, 3.504897499999999, 0.0, 0.0, 1.5457489994175502, 0.12464322829049233
0.0121, 17.31537574729529, 9.439500673740264, 1.0, 10.359944055668475, -0.9204433819282108, -0.004523609303880519, 1.5046855617055113, -0.004068326702949672, 0.0014312845528609854, 3.505031875, 0.0, 0.0, 1.5114401689149712, 0.12639912587113825
0.0122, 7.124000071821327, -10.527431542263296, 1.0, -9.92163079061873, -0.6058007516445663, -0.004851061687242882, 1.5050272283629127, -0.003558437607891097, 0.0014301088703159409, 3.504981250000002, 0.0, 0.0, 1.7182503521881094, 0.11887425729925455
0.0123, 9.443944266435821, -4.172751717972558, 1.0, -5.306993182265992, 1.1342414642934342, -0.004183463356075305, 1.5043693845977115, -0.0032043423660627385, 0.0014258041053251773, 3.5049584375000005, 0.0, 0.0, 1.8793985936445106, 0.11397335925148426
0.0124, 17.089335950040642, 5.861655398502561, 1.0, 5.808952422127776, 0.05270297637478469, -0.004400146563556594, 1.504539278769656, -0.00289236759903738, 0.001507448717617221, 3.5049159375000003, 0.0, 0.0, 2.032686139107159, 0.10988788787498494
0.0125, 20.864114739218646, 11.86850340194478, 1.0, 12.849232756629641, -0.9807293546848607, -0.0033675076688932048, 1.5035210992328292, -0.0026439410927357695, 0.0014526341760807142, 3.504969999999999, 0.0, 0.0, 2.1637737040692566, 0.10679276854885689
0.0126, -2.2515664533705584, -11.147689255947972, 1.0, -12.217307417673265, 1.0696181617252922, -0.003403958465361659, 1.50358069643944, -0.0024512817306806727, 0.0014838644870444864, 3.5047856250000002, 0.0, 0.0, 2.2718574244643817, 0.10449866425221493
0.0127, 9.180978495320899, 4.222521475843582, 1.0, 4.340347881153058, -0.11782640530947533, -0.0034750120481193483, 1.5036749701280618, -0.002204060664289509, 0.00152725808593481, 3.5048893749999994, 0.0, 0.0, 2.4132080344455686, 0.10165957416491213
0.0128, 15.45276026772514, -0.21433771018671882, 1.0, 0.47646132475050557, -0.6907990349372244, -0.002965599032376445, 1.5031464396826444, -0.0021945178648305986, 0.001502289999034879, 3.5049615625, 0.0, 0.0, 2.427460791569011, 0.10162603268287448
0.0129, 14.713591806927928, 0.24436200896978966, 1.0, -0.7693453058467706, 1.0137073148165603, -0.0027371970938125994, 1.5029322413652975, -0.0014439636949196916, 0.001517748142841719, 3.5048265624999995, 0.0, 0.0, 2.8812576005521486, 0.09352261026937654
0.013, 7.377971834883675, -3.2267734865836206, 1.0, -2.673055640999441, -0.5537178455841797, -0.0022630767723637473, 1.5024638976615143, -0.0014836129010919292, 0.0015742219369941058, 3.5048059375000005, 0.0, 0.0, 2.862659423863411, 0.09406773855841762
0.0131, 15.556654337823518, 8.909167012167144, 1.0, 8.742490165697363, 0.16667684646978004, -0.002384924887558244, 1.502614602083301, -9.256326516113201E-4, 0.0015155288622115224, 3.5049509375, 0.0, 0.0, 3.2442334363479826, 0.08858879839876085
0.0132, 17.89135699609488, 4.8024018688287775, 1.0, 4.38903609574376, 0.41336577308501726, -0.0015203012416127705, 1.5017328431903032, -0.001143939490208433, 0.0016053180154230995, 3.504849375, 0.0, 0.0, 3.097467616486634, 0.09089340023228437
0.0133, 16.416085112010677, -6.6071818448990545, 1.0, -5.610707278745419, -0.9964745661536349, -0.0015306755161931646, 1.5017445376434926, -2.94978628308744E-4, 0.0015595886242726507, 3.504802500000001, 0.0, 0.0, 3.729605608879838, 0.08304181883810186
0.0134, 29.13586288957751, 20.951801296608007, 1.0, 20.360329654513823, 0.5914716420941849, -7.364909140746396E-4, 1.5009522954994232, -2.607755942500032E-5, 0.001581192320077867, 3.5047665624999995, 0.0, 0.0, 3.952959421553196, 0.08086331013421463
0.0135, 13.513215814745285, -1.3682113129099585, 1.0, -2.86078648238425, 1.4925751694742915, -1.3954053615597233E-4, 1.5003904385054365, 1.0638471321590055E-4, 0.0016114292003083382, 3.5048299999999997, 0.0, 0.0, 4.0658807740745555, 0.07993034673437123
0.0136, 5.025086998376024, -10.470423225535534, 1.0, -11.532370066581466, 1.061946841045933, -9.128238587935368E-5, 1.5003174898228997, 6.881015838911783E-4, 0.0016763305601150372, 3.504868437499999, 0.0, 0.0, 4.597916744090418, 0.07534888759806088
0.0137, 19.66721054691109, 5.704270504915921, 1.0, 6.3873863261804305, -0.6831158212645094, 1.0038969442153546E-4, 1.5001238477566554, 8.577023565430721E-4, 0.001686785347026015, 3.5048859375000005, 0.0, 0.0, 4.759139049649433, 0.07424269914332973
0.0138, 24.296150092458653, 13.379003132508053, 1.0, 13.272140132539613, 0.10686299996843988, 8.47757746731634E-4, 1.499445000396518, 0.0013658385215260093, 0.0016683387858236985, 3.5046646875000005, 0.0, 0.0, 5.284322844143465, 0.07062787144633284
0.0139, 23.328499691184913, 8.572126466391843, 1.0, 6.653275302806062, 1.9188511635857814, 0.0012604454100167569, 1.499006808390092, 0.0013864661445101164, 0.001716066502412549, 3.50468375, 0.0, 0.0, 5.295272636020211, 0.07072482223357951
0.014, 21.523155010223334, 3.1418367694384095, 1.0, 4.193500182143368, -1.0516634127049587, 0.001961611558962584, 1.4983647716214463, 0.0020722166917547438, 0.001784648784497652, 3.5048171875000005, 0.0, 0.0, 6.084855502330633, 0.06613458576017796
0.0141, 20.637431152072047, 2.4870812482440208, 1.0, 3.7623923881137573, -1.2753111398697363, 0.002288100363259798, 1.4979887778453629, 0.0022656895154055615, 0.001691348255867964, 3.5047724999999996, 0.0, 0.0, 6.310264076084351, 0.06509690852117979
0.0142, 21.652512888137487, 4.1574803314918665, 1.0, 3.7890150538280922, 0.368465277663774, 0.0029469763131338643, 1.4973952701305375, 0.0029385141792005382, 0.001747747918332906, 3.5048037499999998, 0.0, 0.0, 7.209123560789382, 0.06104723158517941
0.0143, 14.92211584346781, 4.825890724687983, 1.0, 5.9798754811128925, -1.1539847564249097, 0.003321931700212214, 1.4969769624383151, 0.003100896603703722, 0.001733557344821183, 3.5047459375, 0.0, 0.0, 7.416877985537764, 0.06032711254454069
0.0144, 19.146958436497282, -1.0115779986323299, 1.0, -0.45715282249007433, -0.5544251761422555, 0.003659454862497201, 1.4967005317927593, 0.003417482019516081, 0.001716894762131816, 3.504763125000001, 0.0, 0.0, 7.866725712605694, 0.05871308772104528
0.0145, 36.11711196286177, 11.560314599804878, 1.0, 12.914837255833877, -1.3545226560289991, 0.004236131624315297, 1.4961455886287673, 0.004060035085518114, 0.0017309312531990568, 3.5048284374999996, 0.0, 0.0, 8.895228264973428, 0.05534204620596861
0.0146, 25.889134833083155, 13.42188277337656, 1.0, 12.630438372808428, 0.7914444005681321, 0.0053839199322250645, 1.4950239528774583, 0.004587553807790526, 0.001676095983097951, 3.5047715624999993, 0.0, 0.0, 9.815782712803076, 0.05280392972307062
0.0147, 20.14189358738024, -1.5223966296442333, 1.0, -2.6484962611731473, 1.126099631528914, 0.005472246758632624, 1.4949806816474878, 0.0046443933981483365, 0.0017916801587054502, 3.50480625, 0.0, 0.0, 9.863382249822374, 0.05279635494501845
0.0148, 39.59165505812151, 9.77383460756417, 1.0, 10.813296362137573, -1.0394617545734022, 0.006345624510523819, 1.4940920495588828, 0.005610684159748578, 0.0017542398807282012, 3.5046621875, 0.0, 0.0, 11.831138401649245, 0.048315342761126916
0.0149, 36.9633851656762, 12.754228019598683, 1.0, 11.430316839226458, 1.3239111803722243, 0.007362609040939408, 1.4930295085346887, 0.006058157826866351, 0.0017657554601210157, 3.5046340625000014, 0.0, 0.0, 12.804872468040116, 0.0465463418295309
0.015, 40.19058227867667, 12.410627520778206, 1.0, 11.324325594000987, 1.086301926777219, 0.00811049614928192, 1.4923708048126376, 0.006749076855845158, 0.001841153398871555, 3.5045631250000007, 0.0, 0.0, 14.507198163406406, 0.04382780712876265
0.0151, 49.4692110377844, 22.862749502641382, 1.0, 23.70445855715836, -0.8417090545169785, 0.009281567991557285, 1.491232297875148, 0.007366400705197155, 0.0018421712685070231, 3.5046981250000018, 0.0, 0.0, 16.179751446285515, 0.041592735734799303
0.0152, 39.72942158284292, 20.233370720125716, 1.0, 20.73456319661713, -0.5011924764914155, 0.010472476989537781, 1.4899678301215014, 0.007994075363171899, 0.0018253643713205044, 3.5045493750000007, 0.0, 0.0, 18.054635417474778, 0.039460682731675564
0.0153, 58.30353423685828, 35.58056319955961, 1.0, 34.4231971961224, 1.157366003437209, 0.01117850814088467, 1.4894361748627103, 0.00826465801715355, 0.0018422590427390171, 3.504614062500001, 0.0, 0.0, 18.808935067909015, 0.03874593395360415
0.0154, 66.6796987945452, 35.098417902114704, 1.0, 34.31991923214093, 0.7784986699737699, 0.013256265691594847, 1.4872153965392523, 0.009040927767766856, 0.0019047063449967115, 3.5046528125000007, 0.0, 0.0, 21.528654796444986, 0.036294672926128466
0.0155, 56.52023472648993, 24.272243141883024, 1.0, 25.702036787903154, -1.4297936460201313, 0.01436222924099384, 1.4863103703414537, 0.00971780845775333, 0.001904166062232973, 3.5045925000000016, 0.0, 0.0, 24.14821006704676, 0.03434360290135241
0.0156, 84.88054037059469, 47.303017401614184, 1.0, 47.42900944290397, -0.1259920412897838, 0.01595490811402537, 1.4847448339764104, 0.010520727937303336, 0.0018610086117610391, 3.5044225, 0.0, 0.0, 27.68393978870318, 0.03214440159401426
0.0157, 120.45168877168649, 81.1651165048604, 1.0, 79.74847909401264, 1.4166374108477644, 0.018414976512681237, 1.4822913681029637, 0.011442334040027435, 0.001922009470150688, 3.5044468749999997, 0.0, 0.0, 32.380119431812616, 0.029785513255847197
0.0158, 255.13206418659266, 215.44566782269735, 1.0, 214.54187479133617, 0.9037930313611797, 0.021706052615559506, 1.4789927959337417, 0.012307700118334819, 0.0019531322627846202, 3.5044600000000004, 0.0, 0.0, 37.41201376664743, 0.027768851204805566
0.0159, 276.55491954971353, 233.40213046585083, 1.0, 233.52071895338077, -0.1185884875299279, 0.030596635259641722, 1.4702357249533033, 0.01321825339916624, 0.0019898856018924355, 3.504369375, 0.0, 0.0, 43.502289915941404, 0.025806002959090354
